1QVF.47.loop.full 2 4 4 1 1 1 0 2 1 1 0 0 0 1 2 2 4 2 2 4 4 6.9 6.3 6.3 010
1QVF.79.loop.full 4 2 2 2 1 2 2 1 0 0 0 0 0 0 0 2 2 2 2 2 4 6.3 6.9 6.9 110
4V6F.45.loop.full 2 3 4 1 2 2 0 0 1 1 0 0 0 1 1 2 3 2 2 3 4 6.9 6.6 6.3 010
4V6F.123.loop.full 2 4 4 0 2 2 1 1 0 0 1 1 1 0 1 2 4 2 2 4 4 6.9 6.3 6.3 010
4V6F.164.loop.full 5 1 3 2 0 0 1 0 1 2 0 1 0 1 1 1 1 3 1 3 5 6.0 1.0 6.6 010
4V6F.245.loop.full 1 5 8 0 1 4 0 1 0 0 1 0 1 2 4 1 5 1 1 5 8 0.7 6.0 6.0 010
4V6F.308.loop.full 1 3 3 0 1 1 0 1 0 0 0 1 1 1 1 1 3 1 1 3 3 0.6 6.6 6.6 011
4V6F.315.loop.full 0 7 1 0 1 1 0 1 0 0 2 0 0 3 0 0 1 0 0 1 7 0 5.9 1.0 011
4V6F.343.loop.full 4 5 5 1 2 2 1 0 0 1 2 2 1 1 1 4 5 4 4 5 5 6.3 6.0 6.0 010
4V6F.347.loop.full 1 5 8 0 1 4 0 1 0 0 1 0 1 2 4 1 5 1 1 5 8 0.7 6.0 6.0 010
4V6F.404.loop.full 3 0 6 2 0 1 0 0 1 0 0 3 1 0 1 0 0 3 0 3 6 6.6 -3.4 5.7 010
4V6F.522.loop.full 3 1 6 1 0 3 1 1 2 1 0 0 0 0 1 1 1 3 1 3 6 6.6 1.1 5.7 011
4V4P.25.loop.full 3 0 6 2 0 1 0 0 1 0 0 3 1 0 1 0 0 3 0 3 6 6.6 -3.4 5.7 010
4V4P.111.loop.full 10 3 19 1 0 6 3 2 2 4 0 5 2 1 6 3 3 10 3 10 19 6.3 6.6 7.0 010
4V4P.161.loop.full 1 3 3 0 1 1 0 1 0 0 0 1 1 1 1 1 3 1 1 3 3 0.6 6.6 6.6 011
4V4P.168.loop.full 3 7 4 0 1 1 1 1 0 0 2 2 2 3 1 3 4 3 3 4 7 6.6 5.9 6.3 011
4V4P.193.loop.full 3 5 4 1 2 2 1 0 0 1 2 1 0 1 1 3 4 3 3 4 5 6.6 6.0 6.3 010
4V4P.194.loop.full 3 4 5 0 0 2 1 3 0 0 0 2 2 1 1 3 4 3 3 4 5 6.6 6.3 6.0 010
1NKW.20.loop.full 6 3 6 2 1 1 1 1 2 0 1 2 3 0 1 3 3 6 3 6 6 5.7 6.6 5.7 010
1NKW.40.loop.full 2 10 10 1 2 2 0 1 3 1 3 2 0 4 3 2 10 2 2 10 10 6.9 6.3 6.3 001
1NKW.67.loop.full 4 1 2 2 0 2 1 0 0 0 0 0 1 1 0 1 1 2 1 2 4 6.3 0.6 6.9 110
1NKW.107.loop.full 6 6 6 1 2 1 2 3 1 0 1 2 3 0 2 6 6 6 6 6 6 5.7 5.7 5.7 010
1NKW.147.loop.full 5 1 3 2 0 1 1 0 1 2 0 1 0 1 0 1 1 3 1 3 5 6.0 1.0 6.6 110
4V9O.31.loop.full 3 0 6 2 0 1 0 0 1 0 0 3 1 0 1 0 0 3 0 3 6 6.6 -3.4 5.7 010
4V9O.50.loop.full 2 3 4 1 2 2 0 0 1 1 0 0 0 1 1 2 3 2 2 3 4 6.9 6.6 6.3 011
4V9O.204.loop.full 1 3 3 0 0 1 0 2 0 0 0 1 1 1 1 1 3 1 1 3 3 0.6 6.6 6.6 011
4V9O.211.loop.full 0 7 1 0 1 0 0 1 0 0 2 0 0 3 1 0 1 0 0 1 7 0 5.9 1.0 011
4V9O.230.loop.full 6 2 4 2 1 1 2 0 2 1 1 1 1 0 0 2 2 4 2 4 6 5.7 6.9 6.3 001
4V9O.240.loop.full 1 4 3 0 0 1 0 3 0 0 0 1 1 1 1 1 3 1 1 3 4 1.0 6.3 6.6 011
4V9O.287.loop.full 3 0 6 2 0 1 0 0 1 0 0 3 1 0 1 0 0 3 0 3 6 6.6 -3.4 5.7 010
4V9O.305.loop.full 2 3 4 1 2 2 0 0 1 1 0 0 0 1 1 2 3 2 2 3 4 6.9 6.6 6.3 011
4V9O.466.loop.full 3 6 4 0 1 1 1 2 1 0 1 1 2 2 1 3 4 3 3 4 6 6.6 5.7 6.3 011
4V9O.472.loop.full 0 7 1 0 1 0 0 1 0 0 2 0 0 3 1 0 1 0 0 1 7 0 5.9 1.0 011
4V9O.492.loop.full 6 2 4 2 1 1 2 0 2 1 1 1 1 0 0 2 2 4 2 4 6 5.7 6.9 6.3 001
4V9O.543.loop.full 3 0 6 2 0 1 0 0 1 0 0 3 1 0 1 0 0 3 0 3 6 6.6 -3.4 5.7 011
4V9O.561.loop.full 2 3 4 1 2 2 0 0 1 1 0 0 0 1 1 2 3 2 2 3 4 6.9 6.6 6.3 011
4U6F.66.loop.full 6 3 7 2 0 2 1 1 2 2 0 1 1 2 2 3 3 6 3 6 7 5.7 6.6 5.9 010
4U6F.120.loop.full 15 4 2 7 3 0 2 0 2 2 0 0 4 1 0 4 2 2 2 4 15 6.7 6.3 6.9 100
4U6F.149.loop.full 2 3 4 1 1 2 1 1 0 0 0 1 0 1 1 2 3 2 2 3 4 6.9 6.6 6.3 010
4U6F.250.loop.full 3 1 6 1 0 3 2 1 2 0 0 1 0 0 0 1 1 3 1 3 6 6.6 0.6 5.7 011
4U6F.364.loop.full 8 3 9 2 0 2 1 1 3 2 0 2 3 2 2 3 3 8 3 8 9 6.0 6.6 6.1 010
4U6F.437.loop.full 2 3 4 1 1 2 1 1 0 0 0 1 0 1 1 2 3 2 2 3 4 6.9 6.6 6.3 010
4U6F.487.loop.full 9 8 15 2 4 5 4 2 5 2 1 0 1 1 5 8 8 9 8 9 15 6.1 6.0 6.7 001
4U6F.541.loop.full 3 1 6 1 0 3 2 1 2 0 0 1 0 0 0 1 1 3 1 3 6 6.6 0.6 5.7 010
4V6G.77.loop.full 1 5 8 0 1 4 0 1 0 0 1 0 1 2 4 1 5 1 1 5 8 0.7 6.0 6.0 010
4V6G.146.loop.full 2 3 4 1 2 2 0 0 1 1 0 0 0 1 1 2 3 2 2 3 4 6.9 6.6 6.3 010
4V6G.223.loop.full 2 4 4 0 2 2 1 1 0 0 1 1 1 0 1 2 4 2 2 4 4 6.9 6.3 6.3 010
4V6G.263.loop.full 5 0 2 2 0 0 1 0 0 2 0 1 0 0 1 0 0 2 0 2 5 6.0 -3.4 6.9 010
4V6G.305.loop.full 1 3 3 0 1 1 0 1 0 0 0 1 1 1 1 1 3 1 1 3 3 0.6 6.6 6.6 011
4V6G.312.loop.full 0 7 1 0 1 1 0 1 0 0 2 0 0 3 0 0 1 0 0 1 7 0 5.9 1.0 011
4V6G.340.loop.full 4 5 5 1 2 2 1 0 0 1 2 2 1 1 1 4 5 4 4 5 5 6.3 6.0 6.0 010
4V6G.344.loop.full 1 5 8 0 1 4 0 1 0 0 1 0 1 2 4 1 5 1 1 5 8 0.7 6.0 6.0 010
4V6G.511.loop.full 3 1 6 1 0 3 1 1 2 1 0 0 0 0 1 1 1 3 1 3 6 6.6 1.1 5.7 011
4V5P.41.loop.full 1 7 2 0 1 1 1 1 0 0 2 0 0 3 1 1 2 1 1 2 7 1.0 5.9 6.9 010
4V5P.62.loop.full 4 5 5 1 2 2 1 0 0 1 2 2 1 1 1 4 5 4 4 5 5 6.3 6.0 6.0 010
4V5P.116.loop.full 2 3 4 1 2 2 0 0 1 1 0 0 0 1 1 2 3 2 2 3 4 6.9 6.6 6.3 011
4V5P.187.loop.full 3 5 4 0 2 2 1 1 0 0 2 1 2 0 1 3 4 3 3 4 5 6.6 6.0 6.3 010
4V5P.196.loop.full 17 2 5 4 0 0 2 0 0 2 0 2 9 2 3 2 2 5 2 5 17 6.8 6.9 6.0 010
4V5P.225.loop.full 5 1 3 2 0 0 1 0 1 2 0 1 0 1 1 1 1 3 1 3 5 6.0 1.0 6.6 010
4V5P.294.loop.full 4 5 5 1 2 2 1 0 0 1 2 2 1 1 1 4 5 4 4 5 5 6.3 6.0 6.0 010
4V5P.348.loop.full 2 3 4 1 2 2 0 0 1 1 0 0 0 1 1 2 3 2 2 3 4 6.9 6.6 6.3 011
4V5P.420.loop.full 3 5 4 0 2 2 1 1 0 0 2 1 2 0 1 3 4 3 3 4 5 6.6 6.0 6.3 010
4V5P.429.loop.full 17 2 5 4 0 0 2 0 0 2 0 2 9 2 3 2 2 5 2 5 17 6.8 6.9 6.0 010
4V5P.458.loop.full 5 1 3 2 0 0 1 0 1 2 0 1 0 1 1 1 1 3 1 3 5 6.0 1.0 6.6 010
4V4G.56.loop.full 2 8 10 0 1 4 0 1 0 1 3 0 1 3 6 2 8 2 2 8 10 6.9 6.0 6.3 010
4V4G.78.loop.full 15 1 19 4 0 4 1 0 2 7 1 5 3 0 8 1 1 15 1 15 19 6.7 1.3 7.0 101
4V4G.215.loop.full 2 8 10 0 1 4 0 1 0 1 3 0 1 3 6 2 8 2 2 8 10 6.9 6.0 6.3 010
4V4G.238.loop.full 15 1 19 4 0 4 1 0 2 7 1 5 3 0 8 1 1 15 1 15 19 6.7 1.3 7.0 101
4V7L.34.loop.full 1 3 3 0 1 1 0 1 0 0 0 1 1 1 1 1 3 1 1 3 3 0.6 6.6 6.6 011
4V7L.42.loop.full 1 7 2 0 1 1 1 1 0 0 2 0 0 3 1 1 2 1 1 2 7 1.0 5.9 6.9 011
4V7L.85.loop.full 19 6 2 6 0 0 2 3 1 5 3 0 6 0 1 6 2 2 2 6 19 7.0 5.7 6.9 010
4V7L.193.loop.full 2 4 4 0 2 2 1 1 0 0 1 1 1 0 1 2 4 2 2 4 4 6.9 6.3 6.3 010
4V7L.210.loop.full 3 1 6 1 0 3 1 1 2 1 0 0 0 0 1 1 1 3 1 3 6 6.6 1.1 5.7 011
4V7L.347.loop.full 2 3 4 1 2 2 0 0 1 1 0 0 0 1 1 2 3 2 2 3 4 6.9 6.6 6.3 010
4V7L.409.loop.full 3 4 5 0 2 2 2 1 0 0 1 1 1 0 2 3 4 3 3 4 5 6.6 6.3 6.0 010
4V7L.437.loop.full 5 0 2 2 0 0 1 0 0 2 0 1 0 0 1 0 0 2 0 2 5 6.0 -3.4 6.9 010
4V7C.23.loop.full 9 6 10 1 1 2 1 2 2 2 1 3 5 2 3 6 6 9 6 9 10 6.1 5.7 6.3 011
4V7C.30.loop.full 3 7 4 0 1 0 1 1 0 0 2 2 2 3 2 3 4 3 3 4 7 6.6 5.9 6.3 011
4V7C.99.loop.full 8 9 20 4 3 5 2 0 6 0 2 3 2 4 6 8 9 8 8 9 20 6.0 6.1 7.0 001
4V7C.105.loop.full 2 3 4 1 2 2 0 0 1 1 0 0 0 1 1 2 3 2 2 3 4 6.9 6.6 6.3 011
4U1U.39.loop.full 3 5 3 0 0 1 1 2 0 0 1 1 2 2 1 3 3 3 3 3 5 6.6 6.0 6.6 011
4U1U.71.loop.full 0 3 3 0 0 1 0 2 0 0 0 1 0 1 1 0 3 0 0 3 3 0 6.6 6.6 001
4U1U.74.loop.full 1 6 9 1 1 3 0 1 1 0 2 0 0 2 5 1 6 1 1 6 9 1.3 5.7 6.1 010
4U1U.111.loop.full 3 0 6 2 0 1 0 0 1 0 0 3 1 0 1 0 0 3 0 3 6 6.6 -3.4 5.7 010
4U1U.211.loop.full 2 4 4 0 2 2 1 1 0 0 1 1 1 0 1 2 4 2 2 4 4 6.9 6.3 6.3 010
4U1U.230.loop.full 3 1 6 1 0 3 1 1 2 1 0 0 0 0 1 1 1 3 1 3 6 6.6 1.1 5.7 011
4U1U.335.loop.full 2 6 10 1 1 3 1 1 1 0 2 0 0 2 6 2 6 2 2 6 10 6.9 5.7 6.3 010
4U1U.399.loop.full 2 3 4 1 2 2 0 0 1 1 0 0 0 1 1 2 3 2 2 3 4 6.9 6.6 6.3 010
4V4H.41.loop.full 3 5 3 0 0 1 1 2 0 0 1 1 2 2 1 3 3 3 3 3 5 6.6 6.0 6.6 001
4V4H.48.loop.full 1 7 2 0 1 0 1 1 0 0 2 0 0 3 2 1 2 1 1 2 7 1.0 5.9 6.9 011
4V4H.69.loop.full 2 3 2 2 0 2 0 1 0 0 0 0 0 2 0 2 2 2 2 2 3 6.9 6.6 6.9 110
4V4H.81.loop.full 3 5 10 1 1 3 2 1 1 0 1 0 0 2 6 3 5 3 3 5 10 6.6 6.0 6.3 010
4V4H.147.loop.full 2 3 4 1 2 2 0 0 1 1 0 0 0 1 1 2 3 2 2 3 4 6.9 6.6 6.3 001
4V4H.238.loop.full 17 1 4 5 0 0 3 0 1 4 0 1 5 1 2 1 1 4 1 4 17 6.8 1.1 6.3 100
4V4H.333.loop.full 8 2 6 2 1 2 3 0 2 2 1 1 1 0 1 2 2 6 2 6 8 6.0 6.9 5.7 001
4V4H.342.loop.full 4 5 5 1 2 2 1 0 1 1 2 1 1 1 1 4 5 4 4 5 5 6.3 6.0 6.0 010
4V4H.366.loop.full 7 1 5 1 0 2 1 0 1 2 0 1 3 1 1 1 1 5 1 5 7 5.9 1.0 6.0 010
4V4H.493.loop.full 2 4 4 0 2 2 1 1 0 0 1 1 1 0 1 2 4 2 2 4 4 6.9 6.3 6.3 010
4V4H.504.loop.full 17 1 4 5 0 0 3 0 1 4 0 1 5 1 2 1 1 4 1 4 17 6.8 1.1 6.3 010
4UJC.35.loop.full 12 3 10 1 0 2 2 1 2 5 0 3 4 2 3 3 3 10 3 10 12 6.5 6.6 6.3 011
4UJC.141.loop.full 14 19 11 1 2 1 1 4 1 2 7 6 10 6 3 14 11 11 11 14 19 6.6 7.0 6.4 100
4UJC.157.loop.full 7 7 6 2 2 3 4 1 2 1 2 1 0 2 0 7 6 6 6 7 7 5.9 5.9 5.7 001
4UJC.231.loop.full 16 6 19 5 2 3 0 1 7 5 2 6 6 1 3 6 6 16 6 16 19 6.8 5.7 7.0 100
4V7H.49.loop.full 5 6 12 1 3 2 1 2 4 3 0 4 0 1 2 5 6 5 5 6 12 6.0 5.7 6.5 100
1MME.3.loop.full 10 5 4 2 3 1 3 0 1 1 1 2 4 1 0 5 4 4 4 5 10 6.3 6.0 6.3 110
4V5J.134.loop.full 2 3 4 1 2 2 0 0 1 1 0 0 0 1 1 2 3 2 2 3 4 6.9 6.6 6.3 010
4V5J.173.loop.full 1 0 22 1 0 6 0 0 2 0 0 6 0 0 8 0 0 1 0 1 22 0.6 -3.3 7.1 001
4V5J.203.loop.full 2 4 4 0 2 2 1 1 0 0 1 1 1 0 1 2 4 2 2 4 4 6.9 6.3 6.3 010
4V5J.241.loop.full 5 1 3 2 0 0 1 0 1 2 0 1 0 1 1 1 1 3 1 3 5 6.0 1.0 6.6 010
4V5J.282.loop.full 1 6 7 0 2 1 0 1 1 0 1 3 1 2 2 1 6 1 1 6 7 0.6 5.7 5.9 010
4V5J.290.loop.full 5 12 1 2 3 1 1 1 0 0 3 0 2 5 0 5 1 1 1 5 12 6.0 6.5 1.0 011
4V5J.447.loop.full 2 4 4 0 2 2 1 1 0 0 1 1 1 0 1 2 4 2 2 4 4 6.9 6.3 6.3 010
4V5J.463.loop.full 3 1 6 1 0 3 1 1 2 1 0 0 0 0 1 1 1 3 1 3 6 6.6 1.1 5.7 011
3OWI.2.loop.full 6 1 7 3 0 5 0 0 0 0 1 0 3 0 2 1 1 6 1 6 7 5.7 1.5 5.9 010
3OWI.7.loop.full 6 1 7 3 0 5 0 0 0 0 1 0 3 0 2 1 1 6 1 6 7 5.7 1.5 5.9 010
4V9P.21.loop.full 3 0 6 2 0 1 0 0 1 0 0 3 1 0 1 0 0 3 0 3 6 6.6 -3.4 5.7 010
4V9P.40.loop.full 2 3 4 1 2 2 0 0 1 1 0 0 0 1 1 2 3 2 2 3 4 6.9 6.6 6.3 011
4V9P.204.loop.full 3 5 3 0 0 1 1 2 0 0 1 1 2 2 1 3 3 3 3 3 5 6.6 6.0 6.6 011
4V9P.228.loop.full 6 2 4 2 1 1 2 0 2 1 1 1 1 0 0 2 2 4 2 4 6 5.7 6.9 6.3 001
4V9P.236.loop.full 0 3 3 0 0 1 0 2 0 0 0 1 0 1 1 0 3 0 0 3 3 0 6.6 6.6 001
4V9P.278.loop.full 3 0 6 2 0 1 0 0 1 0 0 3 1 0 1 0 0 3 0 3 6 6.6 -3.4 5.7 010
4V9P.298.loop.full 2 3 4 1 2 2 0 0 1 1 0 0 0 1 1 2 3 2 2 3 4 6.9 6.6 6.3 011
4V9P.462.loop.full 3 5 3 0 0 1 1 2 0 0 1 1 2 2 1 3 3 3 3 3 5 6.6 6.0 6.6 011
4V9P.469.loop.full 0 7 1 0 1 0 0 1 0 0 2 0 0 3 1 0 1 0 0 1 7 0 5.9 1.0 011
4V9P.488.loop.full 6 2 4 2 1 1 2 0 2 1 1 1 1 0 0 2 2 4 2 4 6 5.7 6.9 6.3 001
4V9P.497.loop.full 0 3 3 0 0 1 0 2 0 0 0 1 0 1 1 0 3 0 0 3 3 0 6.6 6.6 011
4V9P.542.loop.full 3 0 6 2 0 1 0 0 1 0 0 3 1 0 1 0 0 3 0 3 6 6.6 -3.4 5.7 011
4V9P.559.loop.full 2 3 4 1 2 2 0 0 1 1 0 0 0 1 1 2 3 2 2 3 4 6.9 6.6 6.3 011
2ZJP.23.loop.full 3 0 6 2 0 1 0 0 2 0 0 2 1 0 1 0 0 3 0 3 6 6.6 -2.2 5.7 010
2ZJP.43.loop.full 2 3 4 1 2 2 0 0 1 1 0 0 0 1 1 2 3 2 2 3 4 6.9 6.6 6.3 001
2ZJP.155.loop.full 5 1 3 2 0 1 1 0 1 2 0 1 0 1 0 1 1 3 1 3 5 6.0 1.0 6.6 110
4WT1.33.loop.full 1 3 3 0 1 1 0 1 0 0 0 1 1 1 1 1 3 1 1 3 3 0.6 6.6 6.6 011
4WT1.40.loop.full 6 12 2 2 3 1 2 1 0 0 3 0 2 5 1 6 2 2 2 6 12 5.7 6.5 6.9 010
4WT1.64.loop.full 7 5 9 1 2 2 2 0 2 2 2 3 2 1 2 5 5 7 5 7 9 5.9 6.0 6.1 010
4WT1.68.loop.full 1 5 8 0 1 4 0 1 0 0 1 0 1 2 4 1 5 1 1 5 8 0.7 6.0 6.0 010
4WT1.115.loop.full 3 0 6 2 0 1 0 0 1 0 0 3 1 0 1 0 0 3 0 3 6 6.6 -3.4 5.7 010
4WT1.307.loop.full 1 5 8 0 1 4 0 1 0 0 1 0 1 2 4 1 5 1 1 5 8 0.7 6.0 6.0 010
4WT1.370.loop.full 2 3 4 1 2 2 0 0 1 1 0 0 0 1 1 2 3 2 2 3 4 6.9 6.6 6.3 010
4WT1.433.loop.full 2 4 4 0 2 2 1 1 0 0 1 1 1 0 1 2 4 2 2 4 4 6.9 6.3 6.3 010
4WT1.440.loop.full 18 2 4 4 0 0 2 0 0 3 0 1 9 2 3 2 2 4 2 4 18 6.9 6.9 6.3 010
4WT1.466.loop.full 5 10 12 2 2 3 1 2 2 2 2 1 0 4 6 5 10 5 5 10 12 6.0 6.3 6.5 010
4UJE.41.loop.full 2 7 3 0 3 1 2 0 2 0 2 0 0 2 0 2 3 2 2 3 7 6.9 5.9 6.6 011
4UJE.56.loop.full 6 14 19 1 1 3 0 4 7 3 1 4 2 8 5 6 14 6 6 14 19 5.7 6.6 7.0 010
4UJE.129.loop.full 2 3 4 1 1 1 0 1 0 1 0 2 0 1 1 2 3 2 2 3 4 6.9 6.6 6.3 011
4UJE.213.loop.full 7 7 6 2 2 3 4 1 2 1 2 1 0 2 0 7 6 6 6 7 7 5.9 5.9 5.7 001
4V9A.37.loop.full 1 3 3 0 1 1 0 1 0 0 0 1 1 1 1 1 3 1 1 3 3 0.6 6.6 6.6 011
4V9A.109.loop.full 3 0 6 2 0 1 0 0 1 0 0 3 1 0 1 0 0 3 0 3 6 6.6 -3.4 5.7 010
4V9A.226.loop.full 3 1 6 1 0 3 1 1 2 1 0 0 0 0 1 1 1 3 1 3 6 6.6 1.1 5.7 011
4V9A.248.loop.full 5 1 3 2 0 0 1 0 1 2 0 1 0 1 1 1 1 3 1 3 5 6.0 1.0 6.6 100
4V9A.322.loop.full 2 6 8 0 1 4 0 1 0 1 1 0 1 3 4 2 6 2 2 6 8 6.9 5.7 6.0 010
4V9A.385.loop.full 2 3 4 1 2 2 0 0 1 1 0 0 0 1 1 2 3 2 2 3 4 6.9 6.6 6.3 010
4V9A.457.loop.full 3 4 5 0 2 2 2 1 0 0 1 1 1 0 2 3 4 3 3 4 5 6.6 6.3 6.0 010
4V9A.462.loop.full 18 2 4 4 0 0 2 0 0 3 0 1 9 2 3 2 2 4 2 4 18 6.9 6.9 6.3 010
4V9A.494.loop.full 5 0 2 2 0 0 1 0 0 2 0 1 0 0 1 0 0 2 0 2 5 6.0 -3.4 6.9 010
4V6X.66.loop.full 7 5 12 3 2 3 0 1 4 4 1 3 0 1 2 5 5 7 5 7 12 5.9 6.0 6.5 100
4V6X.71.loop.full 6 3 7 1 0 2 0 1 3 3 0 0 2 2 2 3 3 6 3 6 7 5.7 6.6 5.9 011
4V6X.132.loop.full 3 2 2 1 0 1 1 1 0 0 0 1 1 1 0 2 2 2 2 2 3 6.6 6.9 6.9 011
4V6X.171.loop.full 2 3 4 1 1 1 0 1 0 1 0 2 0 1 1 2 3 2 2 3 4 6.9 6.6 6.3 001
4V6X.278.loop.full 3 1 6 1 0 3 2 1 2 0 0 1 0 0 0 1 1 3 1 3 6 6.6 0.6 5.7 010
4V6X.306.loop.full 7 1 4 2 0 0 1 0 2 2 0 1 2 1 1 1 1 4 1 4 7 5.9 1.1 6.3 010
2J37.21.loop.full 1 4 12 0 2 5 0 0 1 1 1 2 0 1 4 1 4 1 1 4 12 1.5 6.3 6.5 011
4V8D.34.loop.full 3 5 3 0 1 1 0 1 0 1 1 1 2 2 1 3 3 3 3 3 5 6.6 6.0 6.6 011
4V8D.40.loop.full 1 7 2 0 1 1 1 1 0 0 2 0 0 3 1 1 2 1 1 2 7 1.0 5.9 6.9 010
4V8D.61.loop.full 4 5 5 1 2 2 1 0 0 1 2 2 1 1 1 4 5 4 4 5 5 6.3 6.0 6.0 010
4V8D.64.loop.full 1 5 8 0 1 4 0 1 0 0 1 0 1 2 4 1 5 1 1 5 8 0.7 6.0 6.0 010
4V8D.321.loop.full 1 5 8 0 1 4 0 1 0 0 1 0 1 2 4 1 5 1 1 5 8 0.7 6.0 6.0 010
4V8D.394.loop.full 2 3 4 1 2 2 0 0 1 1 0 0 0 1 1 2 3 2 2 3 4 6.9 6.6 6.3 010
4V8D.466.loop.full 2 4 4 0 2 2 1 1 0 0 1 1 1 0 1 2 4 2 2 4 4 6.9 6.3 6.3 010
4V8D.501.loop.full 5 1 3 2 0 0 1 0 1 2 0 1 0 1 1 1 1 3 1 3 5 6.0 1.0 6.6 010
4V7M.37.loop.full 3 5 3 0 1 1 0 1 0 1 1 1 2 2 1 3 3 3 3 3 5 6.6 6.0 6.6 011
4V7M.44.loop.full 1 7 2 0 1 1 1 1 0 0 2 0 0 3 1 1 2 1 1 2 7 1.0 5.9 6.9 011
4V7M.113.loop.full 3 0 6 2 0 1 0 0 1 0 0 3 1 0 1 0 0 3 0 3 6 6.6 -3.4 5.7 010
4V7M.204.loop.full 2 4 4 0 2 2 1 1 0 0 1 1 1 0 1 2 4 2 2 4 4 6.9 6.3 6.3 010
4V7M.223.loop.full 3 1 6 1 0 3 1 1 2 1 0 0 0 0 1 1 1 3 1 3 6 6.6 1.1 5.7 011
4V7M.381.loop.full 2 3 4 1 2 2 0 0 1 1 0 0 0 1 1 2 3 2 2 3 4 6.9 6.6 6.3 010
4V5A.104.loop.full 9 12 5 3 3 2 1 0 1 1 4 0 4 5 2 9 5 5 5 9 12 6.1 6.5 6.0 010
4V5A.206.loop.full 7 4 3 2 1 0 1 0 1 3 1 1 1 2 1 4 3 3 3 4 7 5.9 6.3 6.6 010
4V5A.222.loop.full 1 4 15 1 1 3 0 2 3 0 0 4 0 1 5 1 4 1 1 4 15 0.8 6.3 6.7 010
4V5A.241.loop.full 2 6 8 0 2 1 0 1 1 1 1 3 1 2 3 2 6 2 2 6 8 6.9 5.7 6.0 010
4V5A.261.loop.full 7 5 9 1 2 2 2 0 2 2 2 3 2 1 2 5 5 7 5 7 9 5.9 6.0 6.1 010
4V5A.313.loop.full 10 13 5 3 3 2 1 1 1 1 4 0 5 5 2 10 5 5 5 10 13 6.3 6.6 6.0 010
4V5A.381.loop.full 2 4 4 0 2 2 1 1 0 0 1 1 1 0 1 2 4 2 2 4 4 6.9 6.3 6.3 010
4V5A.397.loop.full 3 1 6 1 0 3 1 1 2 1 0 0 0 0 1 1 1 3 1 3 6 6.6 1.1 5.7 011
3J7R.153.loop.full 10 11 6 2 3 3 5 2 2 1 4 1 2 2 0 10 6 6 6 10 11 6.3 6.4 5.7 001
3J7R.177.loop.full 9 1 6 3 0 0 1 0 3 3 0 1 2 1 2 1 1 6 1 6 9 6.1 1.1 5.7 010
3J7R.239.loop.full 9 6 12 1 0 2 0 2 4 4 0 3 4 4 3 6 6 9 6 9 12 6.1 5.7 6.5 011
4V6N.45.loop.full 5 3 7 1 2 2 0 0 3 1 0 1 3 1 1 3 3 5 3 5 7 6.0 6.6 5.9 001
4V6N.139.loop.full 6 6 6 1 2 3 2 1 2 3 0 0 0 3 1 6 6 6 6 6 6 5.7 5.7 5.7 001
4V4R.63.loop.full 7 6 10 1 2 2 2 0 2 2 3 3 2 1 3 6 6 7 6 7 10 5.9 5.7 6.3 010
4V4R.118.loop.full 2 8 8 1 2 2 0 1 2 1 2 1 0 3 3 2 8 2 2 8 8 6.9 6.0 6.0 010
4V4R.142.loop.full 5 2 2 2 0 1 1 0 0 0 1 1 2 1 0 2 2 2 2 2 5 6.0 6.9 6.9 110
4V8P.57.loop.full 3 3 5 2 1 3 1 1 1 0 0 1 0 1 0 3 3 3 3 3 5 6.6 6.6 6.0 011
4V8P.97.loop.full 3 10 4 1 5 0 1 2 2 1 2 0 0 1 2 3 4 3 3 4 10 6.6 6.3 6.3 001
4V8P.140.loop.full 5 5 6 0 1 2 4 2 1 0 1 1 1 1 2 5 5 5 5 5 6 6.0 6.0 5.7 010
4V8P.149.loop.full 16 1 3 7 0 0 4 0 1 2 1 0 3 0 2 1 1 3 1 3 16 6.8 1.4 6.6 010
4V8P.192.loop.full 8 1 5 2 0 0 1 0 2 3 0 1 2 1 2 1 1 5 1 5 8 6.0 1.1 6.0 010
4V8P.214.loop.full 8 1 5 2 0 0 1 0 2 3 0 1 2 1 2 1 1 5 1 5 8 6.0 1.1 6.0 010
4V8P.269.loop.full 3 3 5 2 1 3 1 1 1 0 0 1 0 1 0 3 3 3 3 3 5 6.6 6.6 6.0 011
4V8P.310.loop.full 3 10 4 1 5 0 1 2 2 1 2 0 0 1 2 3 4 3 3 4 10 6.6 6.3 6.3 001
4V8P.353.loop.full 5 5 6 0 1 2 4 2 1 0 1 1 1 1 2 5 5 5 5 5 6 6.0 6.0 5.7 010
4V8P.362.loop.full 16 1 3 7 0 0 4 0 1 2 1 0 3 0 2 1 1 3 1 3 16 6.8 1.4 6.6 010
4V8P.470.loop.full 3 3 5 2 1 3 1 1 1 0 0 1 0 1 0 3 3 3 3 3 5 6.6 6.6 6.0 011
4V8P.515.loop.full 3 7 9 2 6 4 0 0 1 0 0 1 1 1 3 3 7 3 3 7 9 6.6 5.9 6.1 001
4V8P.570.loop.full 3 2 7 1 0 3 2 1 2 0 1 1 0 0 1 2 2 3 2 3 7 6.6 6.9 5.9 011
4W2G.37.loop.full 1 3 3 0 1 1 0 1 0 0 0 1 1 1 1 1 3 1 1 3 3 0.6 6.6 6.6 011
4W2G.45.loop.full 1 7 2 0 1 1 1 1 0 0 2 0 0 3 1 1 2 1 1 2 7 1.0 5.9 6.9 011
4W2G.67.loop.full 0 3 3 0 0 1 0 2 0 0 0 1 0 1 1 0 3 0 0 3 3 0 6.6 6.6 001
4W2G.211.loop.full 2 4 4 0 2 2 1 1 0 0 1 1 1 0 1 2 4 2 2 4 4 6.9 6.3 6.3 010
4W2G.225.loop.full 3 1 6 1 0 3 1 1 2 1 0 0 0 0 1 1 1 3 1 3 6 6.6 1.1 5.7 011
4W2G.246.loop.full 5 1 3 2 0 0 1 0 1 2 0 1 0 1 1 1 1 3 1 3 5 6.0 1.0 6.6 100
4W2G.395.loop.full 2 3 4 1 2 2 0 0 1 1 0 0 0 1 1 2 3 2 2 3 4 6.9 6.6 6.3 010
4W2G.461.loop.full 3 4 5 0 2 2 2 1 0 0 1 1 1 0 2 3 4 3 3 4 5 6.6 6.3 6.0 010
4W2G.468.loop.full 17 2 5 4 0 0 2 0 0 2 0 2 9 2 3 2 2 5 2 5 17 6.8 6.9 6.0 010
4W2G.497.loop.full 5 0 2 2 0 0 1 0 0 2 0 1 0 0 1 0 0 2 0 2 5 6.0 -3.4 6.9 010
4W2H.10.loop.full 1 4 15 1 1 3 0 2 3 0 0 4 0 1 5 1 4 1 1 4 15 0.8 6.3 6.7 010
4W2H.32.loop.full 1 3 3 0 1 1 0 1 0 0 0 1 1 1 1 1 3 1 1 3 3 0.6 6.6 6.6 011
4W2H.41.loop.full 0 7 1 0 1 1 0 1 0 0 2 0 0 3 0 0 1 0 0 1 7 0 5.9 1.0 011
4W2H.65.loop.full 0 3 3 0 0 1 0 2 0 0 0 1 0 1 1 0 3 0 0 3 3 0 6.6 6.6 001
4W2H.68.loop.full 1 5 8 0 1 4 0 1 0 0 1 0 1 2 4 1 5 1 1 5 8 0.7 6.0 6.0 010
4W2H.114.loop.full 3 0 6 2 0 1 0 0 1 0 0 3 1 0 1 0 0 3 0 3 6 6.6 -3.4 5.7 010
4W2H.204.loop.full 5 4 7 0 2 2 3 1 0 0 1 2 2 0 3 4 4 5 4 5 7 6.0 6.3 5.9 010
4W2H.221.loop.full 3 1 6 1 0 3 1 1 2 1 0 0 0 0 1 1 1 3 1 3 6 6.6 1.1 5.7 011
4W2H.381.loop.full 2 3 4 1 2 2 0 0 1 1 0 0 0 1 1 2 3 2 2 3 4 6.9 6.6 6.3 010
4W2H.453.loop.full 3 4 5 0 2 2 2 1 0 0 1 1 1 0 2 3 4 3 3 4 5 6.6 6.3 6.0 010
4W2H.489.loop.full 7 4 3 2 1 0 1 0 1 3 1 1 1 2 1 4 3 3 3 4 7 5.9 6.3 6.6 010
4V7W.12.loop.full 3 4 17 2 1 3 0 2 4 0 0 5 1 1 5 3 4 3 3 4 17 6.6 6.3 6.8 010
4V7W.33.loop.full 1 10 11 0 2 2 0 2 1 0 1 6 1 5 2 1 10 1 1 10 11 0.6 6.3 6.4 010
4V7W.39.loop.full 7 12 3 2 3 1 2 1 0 0 3 1 3 5 1 7 3 3 3 7 12 5.9 6.5 6.6 011
4V7W.96.loop.full 3 0 6 2 0 1 0 0 1 0 0 3 1 0 1 0 0 3 0 3 6 6.6 -3.4 5.7 010
4V7W.185.loop.full 2 4 4 0 2 2 1 1 0 0 1 1 1 0 1 2 4 2 2 4 4 6.9 6.3 6.3 010
4V7W.199.loop.full 3 1 6 1 0 3 1 1 2 1 0 0 0 0 1 1 1 3 1 3 6 6.6 1.1 5.7 011
4V7W.342.loop.full 2 3 4 1 2 2 0 0 1 1 0 0 0 1 1 2 3 2 2 3 4 6.9 6.6 6.3 010
4V7W.383.loop.full 1 0 13 1 0 4 0 0 0 0 0 5 0 0 4 0 0 1 0 1 13 0.6 -3.3 6.6 001
4V7W.413.loop.full 2 4 4 0 2 2 1 1 0 0 1 1 1 0 1 2 4 2 2 4 4 6.9 6.3 6.3 010
4V7W.448.loop.full 5 1 3 2 0 0 1 0 1 2 0 1 0 1 1 1 1 3 1 3 5 6.0 1.0 6.6 010
3J7P.153.loop.full 10 11 6 2 3 3 5 2 2 1 4 1 2 2 0 10 6 6 6 10 11 6.3 6.4 5.7 001
3J7P.177.loop.full 9 1 6 3 0 0 1 0 3 3 0 1 2 1 2 1 1 6 1 6 9 6.1 1.1 5.7 010
3J7P.239.loop.full 9 6 12 1 0 2 0 2 4 4 0 3 4 4 3 6 6 9 6 9 12 6.1 5.7 6.5 011
4V6U.58.loop.full 7 8 13 3 2 3 1 2 2 2 3 5 1 1 3 7 8 7 7 8 13 5.9 6.0 6.6 100
4V6U.62.loop.full 3 3 4 1 2 3 0 0 0 1 0 0 1 1 1 3 3 3 3 3 4 6.6 6.6 6.3 010
4V6U.143.loop.full 2 4 4 1 1 1 0 1 1 1 1 0 0 1 2 2 4 2 2 4 4 6.9 6.3 6.3 001
4V6O.61.loop.full 3 9 9 2 3 3 0 3 2 0 2 1 1 1 3 3 9 3 3 9 9 6.6 6.1 6.1 100
4V6O.68.loop.full 6 2 4 2 1 1 2 0 2 1 1 1 1 0 0 2 2 4 2 4 6 5.7 6.9 6.3 010
4V6O.153.loop.full 13 13 8 3 4 2 2 1 3 1 3 1 7 5 2 13 8 8 8 13 13 6.6 6.6 6.0 001
4V7B.58.loop.full 2 5 6 2 2 3 0 2 1 0 0 1 0 1 1 2 5 2 2 5 6 6.9 6.0 5.7 100
4V7B.62.loop.full 6 2 4 2 1 1 2 0 2 1 1 1 1 0 0 2 2 4 2 4 6 5.7 6.9 6.3 001
4V7B.247.loop.full 3 1 6 1 0 3 1 1 2 1 0 0 0 0 1 1 1 3 1 3 6 6.6 1.1 5.7 011
2CKY.2.loop.full 1 5 4 0 2 1 0 2 1 1 0 0 0 1 2 1 4 1 1 4 5 1.3 6.0 6.3 100
4V7R.46.loop.full 2 7 3 0 3 1 1 2 2 1 2 0 0 0 0 2 3 2 2 3 7 6.9 5.9 6.6 010
4V7R.65.loop.full 6 7 10 2 0 2 1 2 3 2 0 3 1 5 2 6 7 6 6 7 10 5.7 5.9 6.3 010
4V7R.113.loop.full 18 4 4 8 3 0 2 0 2 4 0 0 4 1 2 4 4 4 4 4 18 6.9 6.3 6.3 100
4V7R.141.loop.full 2 3 4 1 1 2 1 1 0 0 0 1 0 1 1 2 3 2 2 3 4 6.9 6.6 6.3 010
4V7R.178.loop.full 5 1 2 2 1 0 1 0 1 0 0 1 2 0 0 1 1 2 1 2 5 6.0 0.6 6.9 110
4V7R.185.loop.full 4 9 5 1 3 2 1 3 0 0 1 3 2 2 0 4 5 4 4 5 9 6.3 6.1 6.0 100
4V7R.190.loop.full 9 8 15 2 4 5 4 2 5 2 1 0 1 1 5 8 8 9 8 9 15 6.1 6.0 6.7 001
4V7R.251.loop.full 6 6 6 2 2 3 3 1 2 1 1 1 0 2 0 6 6 6 6 6 6 5.7 5.7 5.7 011
4V7R.339.loop.full 2 7 3 0 3 1 1 2 2 1 2 0 0 0 0 2 3 2 2 3 7 6.9 5.9 6.6 010
4V7R.358.loop.full 6 7 10 2 0 2 1 2 3 2 0 3 1 5 2 6 7 6 6 7 10 5.7 5.9 6.3 010
4V7R.427.loop.full 2 3 4 1 1 2 1 1 0 0 0 1 0 1 1 2 3 2 2 3 4 6.9 6.6 6.3 010
4V7R.465.loop.full 5 1 2 2 1 0 1 0 1 0 0 1 2 0 0 1 1 2 1 2 5 6.0 0.6 6.9 110
4V7R.477.loop.full 9 8 15 2 4 5 4 2 5 2 1 0 1 1 5 8 8 9 8 9 15 6.1 6.0 6.7 001
4V7R.538.loop.full 6 6 6 2 2 3 3 1 2 1 1 1 0 2 0 6 6 6 6 6 6 5.7 5.7 5.7 001
4V88.124.loop.full 15 4 2 7 3 0 2 0 2 2 0 0 4 1 0 4 2 2 2 4 15 6.7 6.3 6.9 100
4V88.152.loop.full 2 3 4 1 1 2 1 1 0 0 0 1 0 1 1 2 3 2 2 3 4 6.9 6.6 6.3 010
4V88.252.loop.full 3 1 6 1 0 3 2 1 2 0 0 1 0 0 0 1 1 3 1 3 6 6.6 0.6 5.7 011
4V88.439.loop.full 2 3 4 1 1 2 1 1 0 0 0 1 0 1 1 2 3 2 2 3 4 6.9 6.6 6.3 010
4V88.487.loop.full 8 7 15 1 4 5 4 1 5 2 1 0 1 1 5 7 7 8 7 8 15 6.0 5.9 6.7 001
4V88.540.loop.full 3 1 6 1 0 3 2 1 2 0 0 1 0 0 0 1 1 3 1 3 6 6.6 0.6 5.7 001
4WPO.121.loop.full 5 4 7 0 2 2 3 1 0 0 1 2 2 0 3 4 4 5 4 5 7 6.0 6.3 5.9 010
4WPO.140.loop.full 3 1 6 1 0 3 1 1 2 1 0 0 0 0 1 1 1 3 1 3 6 6.6 1.1 5.7 011
4WPO.200.loop.full 1 3 3 0 1 1 0 1 0 0 0 1 1 1 1 1 3 1 1 3 3 0.6 6.6 6.6 011
4WPO.207.loop.full 1 7 2 0 1 1 1 1 0 0 2 0 0 3 1 1 2 1 1 2 7 1.0 5.9 6.9 011
4WPO.304.loop.full 2 3 4 1 2 2 0 0 1 1 0 0 0 1 1 2 3 2 2 3 4 6.9 6.6 6.3 010
4WPO.375.loop.full 2 4 4 0 2 2 1 1 0 0 1 1 1 0 1 2 4 2 2 4 4 6.9 6.3 6.3 010
4WPO.385.loop.full 17 2 5 4 0 0 2 0 0 2 0 2 9 2 3 2 2 5 2 5 17 6.8 6.9 6.0 010
4WPO.416.loop.full 5 0 2 2 0 0 1 0 0 2 0 1 0 0 1 0 0 2 0 2 5 6.0 -3.4 6.9 010
4V5C.138.loop.full 2 3 4 1 2 2 0 0 1 1 0 0 0 1 1 2 3 2 2 3 4 6.9 6.6 6.3 010
4V5C.179.loop.full 1 0 13 1 0 4 0 0 0 0 0 5 0 0 4 0 0 1 0 1 13 0.6 -3.3 6.6 001
4V5C.206.loop.full 2 4 4 0 2 2 1 1 0 0 1 1 1 0 1 2 4 2 2 4 4 6.9 6.3 6.3 010
4V5C.244.loop.full 7 3 2 2 1 0 1 0 0 3 1 1 1 1 1 3 2 2 2 3 7 5.9 6.6 6.9 010
4V5C.287.loop.full 1 3 3 0 1 1 0 1 0 0 0 1 1 1 1 1 3 1 1 3 3 0.6 6.6 6.6 011
4V5C.294.loop.full 15 25 1 4 7 1 3 2 0 3 6 0 5 10 0 15 1 1 1 15 25 6.7 7.3 1.0 001
4V5C.454.loop.full 2 4 4 0 2 2 1 1 0 0 1 1 1 0 1 2 4 2 2 4 4 6.9 6.3 6.3 010
4V5C.471.loop.full 3 1 6 1 0 3 1 1 2 1 0 0 0 0 1 1 1 3 1 3 6 6.6 1.1 5.7 011
4Y4P.122.loop.full 5 4 7 0 2 2 3 1 0 0 1 2 2 0 3 4 4 5 4 5 7 6.0 6.3 5.9 010
4Y4P.139.loop.full 3 1 6 1 0 3 1 1 2 1 0 0 0 0 1 1 1 3 1 3 6 6.6 1.1 5.7 011
4Y4P.178.loop.full 2 5 15 1 1 3 0 2 3 0 1 4 1 1 5 2 5 2 2 5 15 6.9 6.0 6.7 010
4Y4P.201.loop.full 1 3 3 0 1 1 0 1 0 0 0 1 1 1 1 1 3 1 1 3 3 0.6 6.6 6.6 011
4Y4P.210.loop.full 0 7 1 0 1 1 0 1 0 0 2 0 0 3 0 0 1 0 0 1 7 0 5.9 1.0 011
4Y4P.236.loop.full 0 3 3 0 0 1 0 2 0 0 0 1 0 1 1 0 3 0 0 3 3 0 6.6 6.6 001
4Y4P.307.loop.full 2 3 4 1 2 2 0 0 1 1 0 0 0 1 1 2 3 2 2 3 4 6.9 6.6 6.3 010
4Y4P.383.loop.full 3 4 5 0 2 2 2 1 0 0 1 1 1 0 2 3 4 3 3 4 5 6.6 6.3 6.0 010
4Y4P.423.loop.full 9 0 6 2 0 0 2 0 1 3 0 2 2 0 3 0 0 6 0 6 9 6.1 -3.4 5.7 010
4V7K.131.loop.full 2 3 4 1 2 2 0 0 1 1 0 0 0 1 1 2 3 2 2 3 4 6.9 6.6 6.3 010
4V7K.172.loop.full 1 0 22 1 0 6 0 0 2 0 0 6 0 0 8 0 0 1 0 1 22 0.6 -3.3 7.1 001
4V7K.202.loop.full 4 4 6 0 2 2 2 1 0 0 1 2 2 0 2 4 4 4 4 4 6 6.3 6.3 5.7 010
4V7K.236.loop.full 7 4 3 2 1 0 1 0 1 3 1 1 1 2 1 4 3 3 3 4 7 5.9 6.3 6.6 010
4V7K.277.loop.full 1 3 3 0 1 1 0 1 0 0 0 1 1 1 1 1 3 1 1 3 3 0.6 6.6 6.6 011
4V7K.438.loop.full 3 4 5 0 2 2 2 1 0 0 1 1 1 0 2 3 4 3 3 4 5 6.6 6.3 6.0 010
4V7K.454.loop.full 3 1 6 1 0 3 1 1 2 1 0 0 0 0 1 1 1 3 1 3 6 6.6 1.1 5.7 011
4V7P.131.loop.full 2 3 4 1 2 2 0 0 1 1 0 0 0 1 1 2 3 2 2 3 4 6.9 6.6 6.3 010
4V7P.212.loop.full 2 4 4 0 2 2 1 1 0 0 1 1 1 0 1 2 4 2 2 4 4 6.9 6.3 6.3 010
4V7P.222.loop.full 23 7 4 5 2 0 3 0 0 4 1 1 11 4 3 7 4 4 4 7 23 7.2 5.9 6.3 010
4V7P.251.loop.full 7 4 3 2 1 0 1 0 1 3 1 1 1 2 1 4 3 3 3 4 7 5.9 6.3 6.6 010
4V7P.378.loop.full 2 4 4 0 2 2 1 1 0 0 1 1 1 0 1 2 4 2 2 4 4 6.9 6.3 6.3 010
4V7P.396.loop.full 3 1 6 1 0 3 1 1 2 1 0 0 0 0 1 1 1 3 1 3 6 6.6 1.1 5.7 011
4V7P.461.loop.full 1 3 3 0 1 1 0 1 0 0 0 1 1 1 1 1 3 1 1 3 3 0.6 6.6 6.6 011
4V7P.468.loop.full 1 7 2 0 1 1 1 1 0 0 2 0 0 3 1 1 2 1 1 2 7 1.0 5.9 6.9 011
4V9K.35.loop.full 1 3 3 0 1 1 0 1 0 0 0 1 1 1 1 1 3 1 1 3 3 0.6 6.6 6.6 011
4V9K.43.loop.full 0 7 1 0 1 1 0 1 0 0 2 0 0 3 0 0 1 0 0 1 7 0 5.9 1.0 010
4V9K.65.loop.full 7 5 9 1 2 2 2 0 2 2 2 3 2 1 2 5 5 7 5 7 9 5.9 6.0 6.1 010
4V9K.66.loop.full 0 3 3 0 0 1 0 2 0 0 0 1 0 1 1 0 3 0 0 3 3 0 6.6 6.6 011
4V9K.107.loop.full 7 0 12 3 0 3 0 0 1 2 0 4 2 0 4 0 0 7 0 7 12 5.9 -3.4 6.5 010
4V9K.208.loop.full 5 4 7 0 2 2 3 1 0 0 1 2 2 0 3 4 4 5 4 5 7 6.0 6.3 5.9 010
4V9K.227.loop.full 3 1 6 1 0 3 1 1 2 1 0 0 0 0 1 1 1 3 1 3 6 6.6 1.1 5.7 011
4V9K.248.loop.full 8 0 5 2 0 0 2 0 1 3 0 1 1 0 3 0 0 5 0 5 8 6.0 -3.4 6.0 010
4V9K.288.loop.full 1 3 3 0 1 1 0 1 0 0 0 1 1 1 1 1 3 1 1 3 3 0.6 6.6 6.6 011
4V9K.295.loop.full 0 7 1 0 1 1 0 1 0 0 2 0 0 3 0 0 1 0 0 1 7 0 5.9 1.0 010
4V9K.315.loop.full 7 5 9 1 2 2 2 0 2 2 2 3 2 1 2 5 5 7 5 7 9 5.9 6.0 6.1 010
4V9K.316.loop.full 0 3 3 0 0 1 0 2 0 0 0 1 0 1 1 0 3 0 0 3 3 0 6.6 6.6 011
4V9K.319.loop.full 1 5 8 0 1 4 0 1 0 0 1 0 1 2 4 1 5 1 1 5 8 0.7 6.0 6.0 010
4V9K.358.loop.full 3 0 6 2 0 1 0 0 1 0 0 3 1 0 1 0 0 3 0 3 6 6.6 -3.4 5.7 010
4V9K.378.loop.full 2 3 4 1 2 2 0 0 1 1 0 0 0 1 1 2 3 2 2 3 4 6.9 6.6 6.3 011
4V9K.459.loop.full 3 4 5 0 2 2 2 1 0 0 1 1 1 0 2 3 4 3 3 4 5 6.6 6.3 6.0 010
4V9K.470.loop.full 18 3 5 4 0 0 2 0 0 3 0 2 9 3 3 3 3 5 3 5 18 6.9 6.6 6.0 010
4V9K.480.loop.full 3 1 6 1 0 3 1 1 2 1 0 0 0 0 1 1 1 3 1 3 6 6.6 1.1 5.7 011
4V9K.500.loop.full 5 1 3 2 0 0 1 0 1 2 0 1 0 1 1 1 1 3 1 3 5 6.0 1.0 6.6 010
4V8M.109.loop.full 3 4 9 3 1 4 0 0 3 0 1 2 0 2 0 3 4 3 3 4 9 6.6 6.3 6.1 110
4V8M.164.loop.full 6 2 8 2 0 2 1 1 1 3 0 2 0 1 3 2 2 6 2 6 8 5.7 6.9 6.0 011
4V6W.66.loop.full 7 5 12 3 2 2 0 1 4 4 1 4 0 1 2 5 5 7 5 7 12 5.9 6.0 6.5 100
4V6W.131.loop.full 8 7 9 2 3 4 3 1 1 2 1 1 1 2 3 7 7 8 7 8 9 6.0 5.9 6.1 011
3J78.35.loop.full 1 7 7 0 3 1 0 1 5 0 0 1 1 3 0 1 7 1 1 7 7 1.3 5.9 5.9 011
3J78.46.loop.full 2 7 3 0 3 1 1 2 2 1 2 0 0 0 0 2 3 2 2 3 7 6.9 5.9 6.6 011
3J78.64.loop.full 8 14 21 2 1 3 1 4 7 2 1 6 3 8 5 8 14 8 8 14 21 6.0 6.6 7.1 011
3J78.71.loop.full 0 4 4 0 0 2 0 2 1 0 1 0 0 1 1 0 4 0 0 4 4 0 6.3 6.3 001
3J78.141.loop.full 2 3 4 1 1 2 1 1 0 0 0 1 0 1 1 2 3 2 2 3 4 6.9 6.6 6.3 011
3J78.239.loop.full 3 1 6 1 0 3 2 1 2 0 0 1 0 0 0 1 1 3 1 3 6 6.6 0.6 5.7 011
4V6I.122.loop.full 2 3 4 1 1 2 1 1 0 0 0 1 0 1 1 2 3 2 2 3 4 6.9 6.6 6.3 001
4V69.148.loop.full 2 3 4 1 2 2 0 0 1 1 0 0 0 1 1 2 3 2 2 3 4 6.9 6.6 6.3 001
4V69.256.loop.full 3 1 6 1 0 3 1 1 2 1 0 0 0 0 1 1 1 3 1 3 6 6.6 1.1 5.7 010
5AFI.71.loop.full 7 5 9 1 2 3 2 0 2 2 2 2 2 1 2 5 5 7 5 7 9 5.9 6.0 6.1 010
5AFI.143.loop.full 2 3 4 1 2 2 0 0 1 1 0 0 0 1 1 2 3 2 2 3 4 6.9 6.6 6.3 010
5AFI.217.loop.full 2 4 4 0 2 2 1 1 0 0 1 1 1 0 1 2 4 2 2 4 4 6.9 6.3 6.3 010
5AFI.226.loop.full 17 1 4 5 0 0 3 0 1 4 0 1 5 1 2 1 1 4 1 4 17 6.8 1.1 6.3 010
5AFI.257.loop.full 7 1 5 1 0 2 1 0 1 2 0 1 3 1 1 1 1 5 1 5 7 5.9 1.0 6.0 010
4V7A.138.loop.full 2 3 4 1 2 2 0 0 1 1 0 0 0 1 1 2 3 2 2 3 4 6.9 6.6 6.3 010
4V7A.221.loop.full 4 6 4 2 2 2 1 3 0 0 1 1 1 0 1 4 4 4 4 4 6 6.3 5.7 6.3 010
4V4V.54.loop.full 5 7 13 3 3 3 0 3 4 2 0 3 0 1 3 5 7 5 5 7 13 6.0 5.9 6.6 100
4V4V.125.loop.full 2 4 5 1 2 2 0 0 1 1 1 0 0 1 2 2 4 2 2 4 5 6.9 6.3 6.0 001
4V4V.198.loop.full 3 3 12 2 1 4 0 1 1 0 0 2 1 1 5 3 3 3 3 3 12 6.6 6.6 6.5 100
4V4V.199.loop.full 3 5 4 2 1 3 1 2 1 0 0 0 0 2 0 3 4 3 3 4 5 6.6 6.0 6.3 001
4V61.51.loop.full 2 7 8 2 3 2 0 3 3 0 0 1 0 1 2 2 7 2 2 7 8 6.9 5.9 6.0 100
4V61.55.loop.full 8 5 4 2 3 1 3 0 3 1 2 0 2 0 0 5 4 4 4 5 8 6.0 6.0 6.3 001
4V61.110.loop.full 6 15 10 0 5 3 3 2 3 1 2 2 2 6 2 6 10 6 6 10 15 5.7 6.7 6.3 010
4V4B.56.loop.full 5 7 13 3 3 3 0 3 4 2 0 3 0 1 3 5 7 5 5 7 13 6.0 5.9 6.6 100
4V4B.131.loop.full 2 4 4 1 1 1 0 2 1 1 0 0 0 1 2 2 4 2 2 4 4 6.9 6.3 6.3 001
4V4B.174.loop.full 1 4 12 0 2 5 0 0 1 1 1 2 0 1 4 1 4 1 1 4 12 1.5 6.3 6.5 011
3J79.27.loop.full 8 5 8 6 3 4 0 2 2 1 0 1 1 0 1 5 5 8 5 8 8 6.0 6.0 6.0 011
3J79.160.loop.full 3 1 6 1 0 3 2 1 2 0 0 1 0 0 0 1 1 3 1 3 6 6.6 0.6 5.7 011
3J79.188.loop.full 4 0 0 2 0 0 1 0 0 1 0 0 0 0 0 0 0 0 0 0 4 6.3 -2.1 -2.5 010
5AJ4.118.loop.full 3 1 6 1 0 3 0 1 2 2 0 0 0 0 1 1 1 3 1 3 6 6.6 1.1 5.7 011
1X8W.32.loop.full 3 3 4 2 0 1 0 1 2 0 0 0 1 2 1 3 3 3 3 3 4 6.6 6.6 6.3 001
4R0D.14.loop.full 3 3 3 0 1 1 1 0 1 2 0 1 0 2 0 3 3 3 3 3 3 6.6 6.6 6.6 011
3E5C.2.loop.full 2 4 0 1 2 0 0 1 0 0 0 0 1 1 0 2 0 0 0 2 4 6.9 6.3 -3.3 010
4V8F.141.loop.full 3 1 6 1 0 3 1 1 2 1 0 0 0 0 1 1 1 3 1 3 6 6.6 1.1 5.7 011
4V8F.162.loop.full 5 1 3 2 0 0 1 0 1 2 0 1 0 1 1 1 1 3 1 3 5 6.0 1.0 6.6 100
4V8F.204.loop.full 4 7 4 0 2 1 0 1 1 2 1 1 2 3 1 4 4 4 4 4 7 6.3 5.9 6.3 011
4V8F.211.loop.full 4 7 5 0 1 2 2 1 0 0 2 2 2 3 1 4 5 4 4 5 7 6.3 5.9 6.0 010
4V8F.233.loop.full 4 5 5 1 2 2 1 0 0 1 2 2 1 1 1 4 5 4 4 5 5 6.3 6.0 6.0 010
4V8F.236.loop.full 1 5 8 0 1 4 0 1 0 0 1 0 1 2 4 1 5 1 1 5 8 0.7 6.0 6.0 010
4V8F.332.loop.full 1 5 8 0 1 4 0 1 0 0 1 0 1 2 4 1 5 1 1 5 8 0.7 6.0 6.0 010
4V8F.404.loop.full 2 3 4 1 2 2 0 0 1 1 0 0 0 1 1 2 3 2 2 3 4 6.9 6.6 6.3 010
4V8F.513.loop.full 5 1 3 2 0 0 1 0 1 2 0 1 0 1 1 1 1 3 1 3 5 6.0 1.0 6.6 010
4V8C.27.loop.full 3 0 6 2 0 1 0 0 1 0 0 3 1 0 1 0 0 3 0 3 6 6.6 -3.4 5.7 010
4V8C.145.loop.full 3 1 6 1 0 3 1 1 2 1 0 0 0 0 1 1 1 3 1 3 6 6.6 1.1 5.7 011
4V8C.216.loop.full 3 3 5 1 2 2 0 0 1 2 0 0 0 1 2 3 3 3 3 3 5 6.6 6.6 6.0 010
4V8C.289.loop.full 2 4 4 0 2 2 1 1 0 0 1 1 1 0 1 2 4 2 2 4 4 6.9 6.3 6.3 010
4V8C.330.loop.full 7 0 4 2 0 0 1 0 1 3 0 1 1 0 2 0 0 4 0 4 7 5.9 -3.4 6.3 010
4V8C.369.loop.full 3 8 7 0 2 1 0 1 1 1 2 3 2 3 2 3 7 3 3 7 8 6.6 6.0 5.9 010
4V8C.374.loop.full 2 7 3 0 1 1 1 1 0 0 2 1 1 3 1 2 3 2 2 3 7 6.9 5.9 6.6 010
4V8C.396.loop.full 4 5 5 1 2 2 1 0 0 1 2 2 1 1 1 4 5 4 4 5 5 6.3 6.0 6.0 010
4V8C.397.loop.full 1 4 3 0 0 1 0 3 0 0 0 1 1 1 1 1 3 1 1 3 4 1.0 6.3 6.6 001
4V8C.400.loop.full 1 6 9 0 1 4 0 1 0 0 2 0 1 2 5 1 6 1 1 6 9 0.7 5.7 6.1 010
4V8C.497.loop.full 1 5 8 0 1 4 0 1 0 0 1 0 1 2 4 1 5 1 1 5 8 0.7 6.0 6.0 010
4V63.138.loop.full 2 3 4 1 2 2 0 0 1 1 0 0 0 1 1 2 3 2 2 3 4 6.9 6.6 6.3 010
4V63.224.loop.full 18 3 5 4 0 0 2 0 0 3 0 2 9 3 3 3 3 5 3 5 18 6.9 6.6 6.0 010
4V63.257.loop.full 5 0 2 2 0 0 1 0 0 2 0 1 0 0 1 0 0 2 0 2 5 6.0 -3.4 6.9 010
4V63.299.loop.full 1 3 3 0 1 1 0 1 0 0 0 1 1 1 1 1 3 1 1 3 3 0.6 6.6 6.6 011
4V63.306.loop.full 2 7 3 0 1 1 1 1 0 0 2 1 1 3 1 2 3 2 2 3 7 6.9 5.9 6.6 011
4V63.331.loop.full 0 3 3 0 0 1 0 2 0 0 0 1 0 1 1 0 3 0 0 3 3 0 6.6 6.6 001
4V63.479.loop.full 5 4 7 0 2 2 3 1 0 0 1 2 2 0 3 4 4 5 4 5 7 6.0 6.3 5.9 010
4V63.497.loop.full 3 1 6 1 0 3 1 1 2 1 0 0 0 0 1 1 1 3 1 3 6 6.6 1.1 5.7 011
4V63.520.loop.full 5 0 2 2 0 0 1 0 0 2 0 1 0 0 1 0 0 2 0 2 5 6.0 -3.4 6.9 100
4V97.69.loop.full 1 5 8 0 1 4 0 1 0 0 1 0 1 2 4 1 5 1 1 5 8 0.7 6.0 6.0 010
4V97.133.loop.full 2 3 4 1 2 2 0 0 1 1 0 0 0 1 1 2 3 2 2 3 4 6.9 6.6 6.3 010
4V97.204.loop.full 2 4 4 0 2 2 1 1 0 0 1 1 1 0 1 2 4 2 2 4 4 6.9 6.3 6.3 010
4V97.242.loop.full 5 1 3 2 0 0 1 0 1 2 0 1 0 1 1 1 1 3 1 3 5 6.0 1.0 6.6 010
4V97.282.loop.full 1 3 3 0 1 1 0 1 0 0 0 1 1 1 1 1 3 1 1 3 3 0.6 6.6 6.6 011
4V97.289.loop.full 1 7 2 0 1 1 1 1 0 0 2 0 0 3 1 1 2 1 1 2 7 1.0 5.9 6.9 011
4V97.311.loop.full 4 5 5 1 2 2 1 0 0 1 2 2 1 1 1 4 5 4 4 5 5 6.3 6.0 6.0 010
4V97.314.loop.full 1 6 9 0 1 4 0 1 0 0 2 0 1 2 5 1 6 1 1 6 9 0.7 5.7 6.1 010
4V97.454.loop.full 2 4 4 0 2 2 1 1 0 0 1 1 1 0 1 2 4 2 2 4 4 6.9 6.3 6.3 010
4V97.472.loop.full 3 1 6 1 0 3 1 1 2 1 0 0 0 0 1 1 1 3 1 3 6 6.6 1.1 5.7 011
4TUC.71.loop.full 1 5 8 0 1 4 0 1 0 0 1 0 1 2 4 1 5 1 1 5 8 0.7 6.0 6.0 010
4TUC.141.loop.full 2 3 4 1 2 2 0 0 1 1 0 0 0 1 1 2 3 2 2 3 4 6.9 6.6 6.3 010
4TUC.218.loop.full 3 4 5 0 2 2 2 1 0 0 1 1 1 0 2 3 4 3 3 4 5 6.6 6.3 6.0 010
4TUC.255.loop.full 5 1 3 2 0 0 1 0 1 2 0 1 0 1 1 1 1 3 1 3 5 6.0 1.0 6.6 010
4TUC.297.loop.full 1 3 3 0 1 1 0 1 0 0 0 1 1 1 1 1 3 1 1 3 3 0.6 6.6 6.6 011
4TUC.304.loop.full 1 7 2 0 1 1 1 1 0 0 2 0 0 3 1 1 2 1 1 2 7 1.0 5.9 6.9 010
4TUC.328.loop.full 0 3 3 0 0 1 0 2 0 0 0 1 0 1 1 0 3 0 0 3 3 0 6.6 6.6 001
4TUC.331.loop.full 1 6 9 0 1 4 0 1 0 0 2 0 1 2 5 1 6 1 1 6 9 0.7 5.7 6.1 010
4TUC.374.loop.full 7 0 12 3 0 3 0 0 1 2 0 4 2 0 4 0 0 7 0 7 12 5.9 -3.4 6.5 010
4TUC.467.loop.full 3 4 5 0 2 2 2 1 0 0 1 1 1 0 2 3 4 3 3 4 5 6.6 6.3 6.0 010
4TUC.485.loop.full 6 6 6 1 2 3 2 1 2 3 0 0 0 3 1 6 6 6 6 6 6 5.7 5.7 5.7 011
4V8J.139.loop.full 2 3 4 1 2 2 0 0 1 1 0 0 0 1 1 2 3 2 2 3 4 6.9 6.6 6.3 010
4V8J.207.loop.full 2 4 4 0 2 2 1 1 0 0 1 1 1 0 1 2 4 2 2 4 4 6.9 6.3 6.3 010
4V8J.288.loop.full 2 3 4 0 1 1 0 1 0 1 0 1 1 1 2 2 3 2 2 3 4 6.9 6.6 6.3 011
4V8J.295.loop.full 6 12 2 2 3 1 2 1 0 0 3 0 2 5 1 6 2 2 2 6 12 5.7 6.5 6.9 010
4V8J.316.loop.full 4 5 5 1 2 2 1 0 0 1 2 2 1 1 1 4 5 4 4 5 5 6.3 6.0 6.0 010
4V8J.317.loop.full 0 3 3 0 0 1 0 2 0 0 0 1 0 1 1 0 3 0 0 3 3 0 6.6 6.6 001
4V8J.320.loop.full 1 5 8 0 1 4 0 1 0 0 1 0 1 2 4 1 5 1 1 5 8 0.7 6.0 6.0 010
4V8J.454.loop.full 2 4 4 0 2 2 1 1 0 0 1 1 1 0 1 2 4 2 2 4 4 6.9 6.3 6.3 010
4V8J.472.loop.full 3 1 6 1 0 3 1 1 2 1 0 0 0 0 1 1 1 3 1 3 6 6.6 1.1 5.7 011
4P70.73.loop.full 1 6 9 0 1 4 0 1 0 0 2 0 1 2 5 1 6 1 1 6 9 0.7 5.7 6.1 010
4P70.130.loop.full 2 3 4 1 2 2 0 0 1 1 0 0 0 1 1 2 3 2 2 3 4 6.9 6.6 6.3 010
4P70.240.loop.full 5 0 2 2 0 0 1 0 0 2 0 1 0 0 1 0 0 2 0 2 5 6.0 -3.4 6.9 010
4P70.258.loop.full 1 4 15 1 1 3 0 2 3 0 0 4 0 1 5 1 4 1 1 4 15 0.8 6.3 6.7 010
4P70.282.loop.full 1 3 3 0 1 1 0 1 0 0 0 1 1 1 1 1 3 1 1 3 3 0.6 6.6 6.6 011
4P70.289.loop.full 3 7 4 0 1 1 1 1 0 0 2 2 2 3 1 3 4 3 3 4 7 6.6 5.9 6.3 010
4P70.313.loop.full 4 5 5 1 2 2 1 0 0 1 2 2 1 1 1 4 5 4 4 5 5 6.3 6.0 6.0 010
4P70.317.loop.full 1 6 9 0 1 4 0 1 0 0 2 0 1 2 5 1 6 1 1 6 9 0.7 5.7 6.1 010
4P70.457.loop.full 2 4 4 0 2 2 1 1 0 0 1 1 1 0 1 2 4 2 2 4 4 6.9 6.3 6.3 010
4P70.479.loop.full 3 1 6 1 0 3 1 1 2 1 0 0 0 0 1 1 1 3 1 3 6 6.6 1.1 5.7 011
4ZER.123.loop.full 3 4 5 0 2 2 2 1 0 0 1 1 1 0 2 3 4 3 3 4 5 6.6 6.3 6.0 010
4ZER.141.loop.full 3 1 6 1 0 3 1 1 2 1 0 0 0 0 1 1 1 3 1 3 6 6.6 1.1 5.7 011
4ZER.201.loop.full 1 3 3 0 1 1 0 1 0 0 0 1 1 1 1 1 3 1 1 3 3 0.6 6.6 6.6 011
4ZER.232.loop.full 0 3 3 0 0 1 0 2 0 0 0 1 0 1 1 0 3 0 0 3 3 0 6.6 6.6 001
4ZER.301.loop.full 2 3 4 1 2 2 0 0 1 1 0 0 0 1 1 2 3 2 2 3 4 6.9 6.6 6.3 010
4ZER.415.loop.full 5 0 2 2 0 0 1 0 0 2 0 1 0 0 1 0 0 2 0 2 5 6.0 -3.4 6.9 010
4YBB.40.loop.full 3 5 3 0 0 1 1 2 0 0 1 1 2 2 1 3 3 3 3 3 5 6.6 6.0 6.6 011
4YBB.47.loop.full 0 7 1 0 1 0 0 1 0 0 2 0 0 3 1 0 1 0 0 1 7 0 5.9 1.0 010
4YBB.71.loop.full 4 5 5 1 2 2 1 0 1 1 2 1 1 1 1 4 5 4 4 5 5 6.3 6.0 6.0 010
4YBB.72.loop.full 0 3 3 0 0 1 0 2 0 0 0 1 0 1 1 0 3 0 0 3 3 0 6.6 6.6 001
4YBB.75.loop.full 2 6 10 1 1 3 1 1 1 0 2 0 0 2 6 2 6 2 2 6 10 6.9 5.7 6.3 010
4YBB.223.loop.full 2 3 4 1 2 2 0 0 1 1 0 0 0 1 1 2 3 2 2 3 4 6.9 6.6 6.3 010
4YBB.344.loop.full 7 1 5 1 0 2 1 0 1 2 0 1 3 1 1 1 1 5 1 5 7 5.9 1.0 6.0 010
4YBB.373.loop.full 3 0 6 2 0 1 0 0 1 0 0 3 1 0 1 0 0 3 0 3 6 6.6 -3.4 5.7 010
4YBB.478.loop.full 2 4 4 0 2 2 1 1 0 0 1 1 1 0 1 2 4 2 2 4 4 6.9 6.3 6.3 010
4YBB.498.loop.full 3 1 6 1 0 3 1 1 2 1 0 0 0 0 1 1 1 3 1 3 6 6.6 1.1 5.7 011
4Y4O.125.loop.full 5 4 7 0 2 2 3 1 0 0 1 2 2 0 3 4 4 5 4 5 7 6.0 6.3 5.9 010
4Y4O.142.loop.full 3 1 6 1 0 3 1 1 2 1 0 0 0 0 1 1 1 3 1 3 6 6.6 1.1 5.7 011
4Y4O.205.loop.full 3 5 3 0 1 1 0 1 0 1 1 1 2 2 1 3 3 3 3 3 5 6.6 6.0 6.6 011
4Y4O.213.loop.full 1 7 2 0 1 1 1 1 0 0 2 0 0 3 1 1 2 1 1 2 7 1.0 5.9 6.9 011
4Y4O.241.loop.full 1 6 9 0 1 4 0 1 0 0 2 0 1 2 5 1 6 1 1 6 9 0.7 5.7 6.1 010
4Y4O.304.loop.full 2 3 4 1 2 2 0 0 1 1 0 0 0 1 1 2 3 2 2 3 4 6.9 6.6 6.3 010
4Y4O.421.loop.full 5 0 2 2 0 0 1 0 0 2 0 1 0 0 1 0 0 2 0 2 5 6.0 -3.4 6.9 010
4Y4O.499.loop.full 1 5 8 0 1 4 0 1 0 0 1 0 1 2 4 1 5 1 1 5 8 0.7 6.0 6.0 010
4V8H.36.loop.full 1 7 8 0 2 1 0 1 1 0 1 4 1 3 2 1 7 1 1 7 8 0.6 5.9 6.0 010
4V8H.42.loop.full 1 7 2 0 1 1 1 1 0 0 2 0 0 3 1 1 2 1 1 2 7 1.0 5.9 6.9 011
4V8H.67.loop.full 0 3 3 0 0 1 0 2 0 0 0 1 0 1 1 0 3 0 0 3 3 0 6.6 6.6 001
4V8H.110.loop.full 3 0 6 2 0 1 0 0 1 0 0 3 1 0 1 0 0 3 0 3 6 6.6 -3.4 5.7 010
4V8H.209.loop.full 2 4 4 0 2 2 1 1 0 0 1 1 1 0 1 2 4 2 2 4 4 6.9 6.3 6.3 010
4V8H.228.loop.full 3 1 6 1 0 3 1 1 2 1 0 0 0 0 1 1 1 3 1 3 6 6.6 1.1 5.7 011
4V8H.324.loop.full 2 5 9 0 1 4 0 1 0 1 1 0 1 2 5 2 5 2 2 5 9 6.9 6.0 6.1 010
4V8H.382.loop.full 2 3 4 1 2 2 0 0 1 1 0 0 0 1 1 2 3 2 2 3 4 6.9 6.6 6.3 010
4V8H.457.loop.full 2 4 4 0 2 2 1 1 0 0 1 1 1 0 1 2 4 2 2 4 4 6.9 6.3 6.3 010
4V8H.467.loop.full 16 2 4 4 0 0 2 0 0 2 0 1 8 2 3 2 2 4 2 4 16 6.8 6.9 6.3 010
4V8H.499.loop.full 8 1 6 2 0 0 2 0 2 3 0 1 1 1 3 1 1 6 1 6 8 6.0 1.0 5.7 010
4V8G.39.loop.full 1 6 7 0 2 1 0 1 1 0 1 3 1 2 2 1 6 1 1 6 7 0.6 5.7 5.9 010
4V8G.47.loop.full 2 7 3 0 1 1 1 1 0 0 2 1 1 3 1 2 3 2 2 3 7 6.9 5.9 6.6 011
4V8G.201.loop.full 2 4 4 0 2 2 1 1 0 0 1 1 1 0 1 2 4 2 2 4 4 6.9 6.3 6.3 010
4V8G.219.loop.full 3 1 6 1 0 3 1 1 2 1 0 0 0 0 1 1 1 3 1 3 6 6.6 1.1 5.7 011
4V8G.381.loop.full 2 3 4 1 2 2 0 0 1 1 0 0 0 1 1 2 3 2 2 3 4 6.9 6.6 6.3 010
4V8G.463.loop.full 16 2 4 4 0 0 2 0 0 2 0 1 8 2 3 2 2 4 2 4 16 6.8 6.9 6.3 010
4V8G.495.loop.full 5 1 3 2 0 0 1 0 1 2 0 1 0 1 1 1 1 3 1 3 5 6.0 1.0 6.6 010
4V9R.33.loop.full 1 3 3 0 1 1 0 1 0 0 0 1 1 1 1 1 3 1 1 3 3 0.6 6.6 6.6 011
4V9R.67.loop.full 1 6 9 0 1 4 0 1 0 0 2 0 1 2 5 1 6 1 1 6 9 0.7 5.7 6.1 010
4V9R.199.loop.full 2 4 4 0 2 2 1 1 0 0 1 1 1 0 1 2 4 2 2 4 4 6.9 6.3 6.3 010
4V9R.211.loop.full 3 1 6 1 0 3 1 1 2 1 0 0 0 0 1 1 1 3 1 3 6 6.6 1.1 5.7 011
4V9R.373.loop.full 2 3 4 1 2 2 0 0 1 1 0 0 0 1 1 2 3 2 2 3 4 6.9 6.6 6.3 010
4V9R.445.loop.full 2 4 4 0 2 2 1 1 0 0 1 1 1 0 1 2 4 2 2 4 4 6.9 6.3 6.3 010
4V9R.448.loop.full 17 2 5 4 0 0 2 0 0 2 0 2 9 2 3 2 2 5 2 5 17 6.8 6.9 6.0 010
4V9R.478.loop.full 5 0 2 2 0 0 1 0 0 2 0 1 0 0 1 0 0 2 0 2 5 6.0 -3.4 6.9 010
4V83.130.loop.full 2 3 4 1 2 2 0 0 1 1 0 0 0 1 1 2 3 2 2 3 4 6.9 6.6 6.3 010
4V83.204.loop.full 2 4 4 0 2 2 1 1 0 0 1 1 1 0 1 2 4 2 2 4 4 6.9 6.3 6.3 010
4V83.211.loop.full 18 2 4 4 0 0 2 0 0 3 0 1 9 2 3 2 2 4 2 4 18 6.9 6.9 6.3 010
4V83.243.loop.full 4 0 1 2 0 0 1 0 0 1 0 1 0 0 0 0 0 1 0 1 4 6.3 -3.4 1.5 010
4V83.287.loop.full 2 3 4 0 1 1 0 1 0 1 0 1 1 1 2 2 3 2 2 3 4 6.9 6.6 6.3 011
4V83.293.loop.full 1 7 2 0 1 1 1 1 0 0 2 0 0 3 1 1 2 1 1 2 7 1.0 5.9 6.9 011
4V83.317.loop.full 0 3 3 0 0 1 0 2 0 0 0 1 0 1 1 0 3 0 0 3 3 0 6.6 6.6 001
4V83.454.loop.full 2 4 4 0 2 2 1 1 0 0 1 1 1 0 1 2 4 2 2 4 4 6.9 6.3 6.3 010
4V83.471.loop.full 3 1 6 1 0 3 1 1 2 1 0 0 0 0 1 1 1 3 1 3 6 6.6 1.1 5.7 011
4BTS.76.loop.full 4 3 5 3 0 2 0 1 1 0 0 1 1 2 1 3 3 4 3 4 5 6.3 6.6 6.0 010
4BTS.148.loop.full 1 4 3 0 3 1 0 1 2 0 0 0 1 0 0 1 3 1 1 3 4 1.3 6.3 6.6 011
4BTS.184.loop.full 4 3 5 3 0 2 0 1 1 0 0 1 1 2 1 3 3 4 3 4 5 6.3 6.6 6.0 010
4BTS.294.loop.full 4 3 5 3 0 2 0 1 1 0 0 1 1 2 1 3 3 4 3 4 5 6.3 6.6 6.0 011
4BTS.401.loop.full 4 3 5 3 0 2 0 1 1 0 0 1 1 2 1 3 3 4 3 4 5 6.3 6.6 6.0 011
4UJD.17.loop.full 12 3 10 1 0 2 2 1 2 5 0 3 4 2 3 3 3 10 3 10 12 6.5 6.6 6.3 011
4UJD.122.loop.full 14 19 11 1 2 1 1 4 1 2 7 6 10 6 3 14 11 11 11 14 19 6.6 7.0 6.4 100
4UJD.138.loop.full 7 7 6 2 2 3 4 1 2 1 2 1 0 2 0 7 6 6 6 7 7 5.9 5.9 5.7 001
4UJD.232.loop.full 16 6 19 5 2 3 0 1 7 5 2 6 6 1 3 6 6 16 6 16 19 6.8 5.7 7.0 100
4UJD.237.loop.full 6 14 19 1 1 3 0 4 7 3 1 4 2 8 5 6 14 6 6 14 19 5.7 6.6 7.0 010
3J6X.56.loop.full 2 3 4 1 1 2 1 1 0 0 0 1 0 1 1 2 3 2 2 3 4 6.9 6.6 6.3 011
3J6X.154.loop.full 3 1 6 1 0 3 2 1 2 0 0 1 0 0 0 1 1 3 1 3 6 6.6 0.6 5.7 011
3J6X.228.loop.full 1 4 3 0 3 1 0 1 2 0 0 0 1 0 0 1 3 1 1 3 4 1.3 6.3 6.6 011
3J6X.242.loop.full 2 7 3 0 3 1 1 2 2 1 2 0 0 0 0 2 3 2 2 3 7 6.9 5.9 6.6 011
3J6X.260.loop.full 6 6 9 2 0 2 1 2 3 2 0 2 1 4 2 6 6 6 6 6 9 5.7 5.7 6.1 011
3J6X.267.loop.full 0 4 4 0 0 2 0 2 1 0 1 0 0 1 1 0 4 0 0 4 4 0 6.3 6.3 001
4V6T.58.loop.full 2 7 8 2 3 3 0 3 2 0 0 1 0 1 2 2 7 2 2 7 8 6.9 5.9 6.0 100
4V6T.62.loop.full 9 3 6 2 2 2 4 0 2 2 1 1 1 0 1 3 3 6 3 6 9 6.1 6.6 5.7 001
4V6T.143.loop.full 6 3 8 1 2 2 1 0 3 1 0 1 3 1 2 3 3 6 3 6 8 5.7 6.6 6.0 001
4V6T.239.loop.full 3 1 6 1 0 3 1 1 2 1 0 0 0 0 1 1 1 3 1 3 6 6.6 1.1 5.7 011
4V6T.261.loop.full 7 1 5 1 0 2 1 0 1 2 0 1 3 1 1 1 1 5 1 5 7 5.9 1.0 6.0 010
3J9W.37.loop.full 1 3 3 0 0 1 0 2 0 0 0 1 1 1 1 1 3 1 1 3 3 0.6 6.6 6.6 011
3J9W.44.loop.full 0 7 1 0 2 0 0 1 0 0 2 0 0 2 1 0 1 0 0 1 7 0 5.9 1.0 011
3J9W.63.loop.full 8 5 4 2 2 1 3 1 3 2 1 0 1 1 0 5 4 4 4 5 8 6.0 6.0 6.3 001
3J9W.68.loop.full 0 3 3 0 0 1 0 2 0 0 0 1 0 1 1 0 3 0 0 3 3 0 6.6 6.6 001
3J9W.135.loop.full 2 3 4 1 2 2 0 0 1 1 0 0 0 1 1 2 3 2 2 3 4 6.9 6.6 6.3 011
3J9W.237.loop.full 3 1 6 1 0 3 1 1 2 1 0 0 0 0 1 1 1 3 1 3 6 6.6 1.1 5.7 011
4V5H.63.loop.full 5 5 11 3 2 3 0 2 3 2 0 3 0 1 2 5 5 5 5 5 11 6.0 6.0 6.4 100
4V5H.69.loop.full 2 3 2 2 0 2 0 1 0 0 0 0 0 2 0 2 2 2 2 2 3 6.9 6.6 6.9 100
4V5H.170.loop.full 13 8 10 4 5 2 0 2 2 5 0 3 4 1 3 8 8 10 8 10 13 6.6 6.0 6.3 001
4V5H.242.loop.full 2 1 5 1 0 3 1 1 2 0 0 0 0 0 0 1 1 2 1 2 5 6.9 1.1 6.0 011
3PIO.26.loop.full 2 3 4 1 2 2 0 0 1 1 0 0 0 1 1 2 3 2 2 3 4 6.9 6.6 6.3 001
3PIO.50.loop.full 4 1 2 2 0 2 1 0 0 0 0 0 1 1 0 1 1 2 1 2 4 6.3 0.6 6.9 110
3PIO.122.loop.full 9 6 3 3 1 1 1 0 1 4 2 1 1 3 0 6 3 3 3 6 9 6.1 5.7 6.6 010
3J9M.98.loop.full 0 7 1 0 3 0 0 2 0 0 1 0 0 1 1 0 1 0 0 1 7 -2.1 5.9 1.5 010
3J9M.118.loop.full 7 5 9 2 2 4 3 0 2 2 1 1 0 2 2 5 5 7 5 7 9 5.9 6.0 6.1 010
4P95.2.loop.full 3 2 2 1 2 2 2 0 0 0 0 0 0 0 0 2 2 2 2 2 3 6.6 6.9 6.9 010
2N3Q.3.loop.full 2 0 5 2 0 3 0 0 0 0 0 1 0 0 1 0 0 2 0 2 5 6.9 -2.1 6.0 010
4V8E.120.loop.full 2 4 4 0 2 2 1 1 0 0 1 1 1 0 1 2 4 2 2 4 4 6.9 6.3 6.3 010
4V8E.140.loop.full 3 1 6 1 0 3 1 1 2 1 0 0 0 0 1 1 1 3 1 3 6 6.6 1.1 5.7 011
4V8E.201.loop.full 1 3 3 0 1 1 0 1 0 0 0 1 1 1 1 1 3 1 1 3 3 0.6 6.6 6.6 011
4V8E.209.loop.full 3 7 4 0 1 1 1 1 0 0 2 2 2 3 1 3 4 3 3 4 7 6.6 5.9 6.3 010
4V8E.233.loop.full 4 5 5 1 2 2 1 0 0 1 2 2 1 1 1 4 5 4 4 5 5 6.3 6.0 6.0 010
4V8E.236.loop.full 1 5 8 0 1 4 0 1 0 0 1 0 1 2 4 1 5 1 1 5 8 0.7 6.0 6.0 010
4V8E.310.loop.full 2 3 4 1 2 2 0 0 1 1 0 0 0 1 1 2 3 2 2 3 4 6.9 6.6 6.3 010
4V8E.386.loop.full 3 4 5 0 2 2 2 1 0 0 1 1 1 0 2 3 4 3 3 4 5 6.6 6.3 6.0 010
4V8E.430.loop.full 7 4 3 2 1 0 1 0 1 3 1 1 1 2 1 4 3 3 3 4 7 5.9 6.3 6.6 010
4V8E.510.loop.full 1 5 8 0 1 4 0 1 0 0 1 0 1 2 4 1 5 1 1 5 8 0.7 6.0 6.0 010
4WRO.36.loop.full 3 8 7 0 2 1 0 1 1 1 2 3 2 3 2 3 7 3 3 7 8 6.6 6.0 5.9 010
4WRO.44.loop.full 1 7 2 0 1 1 1 1 0 0 2 0 0 3 1 1 2 1 1 2 7 1.0 5.9 6.9 010
4WRO.67.loop.full 4 5 5 1 2 2 1 0 0 1 2 2 1 1 1 4 5 4 4 5 5 6.3 6.0 6.0 010
4WRO.70.loop.full 1 5 8 0 1 4 0 1 0 0 1 0 1 2 4 1 5 1 1 5 8 0.7 6.0 6.0 010
4WRO.140.loop.full 2 3 4 1 2 2 0 0 1 1 0 0 0 1 1 2 3 2 2 3 4 6.9 6.6 6.3 010
4WRO.276.loop.full 3 0 6 2 0 1 0 0 1 0 0 3 1 0 1 0 0 3 0 3 6 6.6 -3.4 5.7 010
4WRO.399.loop.full 5 1 3 2 0 0 1 0 1 2 0 1 0 1 1 1 1 3 1 3 5 6.0 1.0 6.6 010
4WRO.484.loop.full 1 5 8 0 1 4 0 1 0 0 1 0 1 2 4 1 5 1 1 5 8 0.7 6.0 6.0 010
4WZO.33.loop.full 3 8 7 0 2 1 0 1 1 1 2 3 2 3 2 3 7 3 3 7 8 6.6 6.0 5.9 010
4WZO.39.loop.full 6 12 2 2 3 1 2 1 0 0 3 0 2 5 1 6 2 2 2 6 12 5.7 6.5 6.9 010
4WZO.62.loop.full 4 5 5 1 2 2 1 0 0 1 2 2 1 1 1 4 5 4 4 5 5 6.3 6.0 6.0 010
4WZO.65.loop.full 1 5 8 0 1 4 0 1 0 0 1 0 1 2 4 1 5 1 1 5 8 0.7 6.0 6.0 010
4WZO.112.loop.full 3 0 6 2 0 1 0 0 1 0 0 3 1 0 1 0 0 3 0 3 6 6.6 -3.4 5.7 010
4WZO.313.loop.full 3 5 10 0 1 4 0 1 0 2 1 0 1 2 6 3 5 3 3 5 10 6.6 6.0 6.3 010
4WZO.376.loop.full 9 11 4 3 3 2 1 0 1 1 3 0 4 5 1 9 4 4 4 9 11 6.1 6.4 6.3 010
4WZO.475.loop.full 5 1 3 2 0 0 1 0 1 2 0 1 0 1 1 1 1 3 1 3 5 6.0 1.0 6.6 010
4W2F.34.loop.full 1 3 3 0 1 1 0 1 0 0 0 1 1 1 1 1 3 1 1 3 3 0.6 6.6 6.6 011
4W2F.42.loop.full 1 7 2 0 1 1 1 1 0 0 2 0 0 3 1 1 2 1 1 2 7 1.0 5.9 6.9 011
4W2F.66.loop.full 0 3 3 0 0 1 0 2 0 0 0 1 0 1 1 0 3 0 0 3 3 0 6.6 6.6 001
4W2F.211.loop.full 2 4 4 0 2 2 1 1 0 0 1 1 1 0 1 2 4 2 2 4 4 6.9 6.3 6.3 010
4W2F.227.loop.full 3 1 6 1 0 3 1 1 2 1 0 0 0 0 1 1 1 3 1 3 6 6.6 1.1 5.7 011
4W2F.248.loop.full 5 1 3 2 0 0 1 0 1 2 0 1 0 1 1 1 1 3 1 3 5 6.0 1.0 6.6 100
4W2F.328.loop.full 1 7 10 0 1 4 0 1 0 0 3 0 1 2 6 1 7 1 1 7 10 0.7 5.9 6.3 010
4W2F.401.loop.full 2 3 4 1 2 2 0 0 1 1 0 0 0 1 1 2 3 2 2 3 4 6.9 6.6 6.3 010
4W2F.471.loop.full 5 4 7 0 2 2 3 1 0 0 1 2 2 0 3 4 4 5 4 5 7 6.0 6.3 5.9 010
4W2F.509.loop.full 5 0 2 2 0 0 1 0 0 2 0 1 0 0 1 0 0 2 0 2 5 6.0 -3.4 6.9 010
4WQU.122.loop.full 2 4 4 0 2 2 1 1 0 0 1 1 1 0 1 2 4 2 2 4 4 6.9 6.3 6.3 010
4WQU.141.loop.full 3 1 6 1 0 3 1 1 2 1 0 0 0 0 1 1 1 3 1 3 6 6.6 1.1 5.7 011
4WQU.163.loop.full 5 1 3 2 0 0 1 0 1 2 0 1 0 1 1 1 1 3 1 3 5 6.0 1.0 6.6 100
4WQU.205.loop.full 1 3 3 0 1 1 0 1 0 0 0 1 1 1 1 1 3 1 1 3 3 0.6 6.6 6.6 011
4WQU.213.loop.full 6 12 2 2 3 1 2 1 0 0 3 0 2 5 1 6 2 2 2 6 12 5.7 6.5 6.9 011
4WQU.237.loop.full 2 7 9 0 1 4 0 1 0 1 2 0 1 3 5 2 7 2 2 7 9 6.9 5.9 6.1 010
4WQU.308.loop.full 2 3 4 1 2 2 0 0 1 1 0 0 0 1 1 2 3 2 2 3 4 6.9 6.6 6.3 010
4WQU.385.loop.full 3 4 5 0 2 2 2 1 0 0 1 1 1 0 2 3 4 3 3 4 5 6.6 6.3 6.0 010
4WQU.392.loop.full 16 2 4 4 0 0 2 0 0 2 0 1 8 2 3 2 2 4 2 4 16 6.8 6.9 6.3 010
4WQU.424.loop.full 7 4 3 2 1 0 1 0 1 3 1 1 1 2 1 4 3 3 3 4 7 5.9 6.3 6.6 010
4WQU.495.loop.full 3 8 9 0 1 4 0 1 0 2 2 0 1 4 5 3 8 3 3 8 9 6.6 6.0 6.1 010
4V9Q.42.loop.full 2 3 4 1 2 2 0 0 1 1 0 0 0 1 1 2 3 2 2 3 4 6.9 6.6 6.3 010
4V9Q.158.loop.full 5 1 3 2 0 0 1 0 1 2 0 1 0 1 1 1 1 3 1 3 5 6.0 1.0 6.6 010
4V9Q.286.loop.full 3 0 6 2 0 1 0 0 1 0 0 3 1 0 1 0 0 3 0 3 6 6.6 -3.4 5.7 010
4V9Q.374.loop.full 5 4 7 0 2 2 3 1 0 0 1 2 2 0 3 4 4 5 4 5 7 6.0 6.3 5.9 010
4V9Q.397.loop.full 3 1 6 1 0 3 1 1 2 1 0 0 0 0 1 1 1 3 1 3 6 6.6 1.1 5.7 011
4V9Q.461.loop.full 2 3 4 0 1 1 0 1 0 1 0 1 1 1 2 2 3 2 2 3 4 6.9 6.6 6.3 011
4V9Q.468.loop.full 1 7 2 0 1 1 1 1 0 0 2 0 0 3 1 1 2 1 1 2 7 1.0 5.9 6.9 010
4V9Q.486.loop.full 10 7 8 2 2 1 3 1 2 3 2 3 2 2 2 7 7 8 7 8 10 6.3 5.9 6.0 001
4WQF.27.loop.full 3 0 6 2 0 1 0 0 1 0 0 3 1 0 1 0 0 3 0 3 6 6.6 -3.4 5.7 010
4WQF.124.loop.full 5 4 7 0 2 2 3 1 0 0 1 2 2 0 3 4 4 5 4 5 7 6.0 6.3 5.9 010
4WQF.143.loop.full 3 1 6 1 0 3 1 1 2 1 0 0 0 0 1 1 1 3 1 3 6 6.6 1.1 5.7 011
4WQF.167.loop.full 5 1 3 2 0 0 1 0 1 2 0 1 0 1 1 1 1 3 1 3 5 6.0 1.0 6.6 100
4WQF.205.loop.full 3 5 3 0 1 1 0 1 0 1 1 1 2 2 1 3 3 3 3 3 5 6.6 6.0 6.6 011
4WQF.213.loop.full 1 7 2 0 1 1 1 1 0 0 2 0 0 3 1 1 2 1 1 2 7 1.0 5.9 6.9 011
4WQF.239.loop.full 3 7 8 0 1 4 0 1 0 2 1 0 1 4 4 3 7 3 3 7 8 6.6 5.9 6.0 010
4WQF.309.loop.full 2 3 4 1 2 2 0 0 1 1 0 0 0 1 1 2 3 2 2 3 4 6.9 6.6 6.3 010
4WQF.385.loop.full 5 4 7 0 2 2 3 1 0 0 1 2 2 0 3 4 4 5 4 5 7 6.0 6.3 5.9 010
4WQF.393.loop.full 16 2 4 4 0 0 2 0 0 2 0 1 8 2 3 2 2 4 2 4 16 6.8 6.9 6.3 010
4WQF.424.loop.full 5 0 2 2 0 0 1 0 0 2 0 1 0 0 1 0 0 2 0 2 5 6.0 -3.4 6.9 010
4WQF.502.loop.full 2 6 8 0 1 4 0 1 0 1 1 0 1 3 4 2 6 2 2 6 8 6.9 5.7 6.0 010
4V51.119.loop.full 2 3 4 1 2 2 0 0 1 1 0 0 0 1 1 2 3 2 2 3 4 6.9 6.6 6.3 010
4V51.155.loop.full 1 0 13 1 0 4 0 0 0 0 0 5 0 0 4 0 0 1 0 1 13 0.6 -3.3 6.6 001
4V51.184.loop.full 2 4 4 0 2 2 1 1 0 0 1 1 1 0 1 2 4 2 2 4 4 6.9 6.3 6.3 010
4V51.218.loop.full 9 3 4 2 1 0 1 0 1 4 1 1 2 1 2 3 3 4 3 4 9 6.1 6.6 6.3 010
4V51.252.loop.full 1 3 3 0 1 1 0 1 0 0 0 1 1 1 1 1 3 1 1 3 3 0.6 6.6 6.6 011
4V51.258.loop.full 0 7 1 0 1 1 0 1 0 0 2 0 0 3 0 0 1 0 0 1 7 0 5.9 1.0 011
4V51.277.loop.full 1 4 3 0 0 1 0 3 0 0 0 1 1 1 1 1 3 1 1 3 4 1.0 6.3 6.6 001
4V51.407.loop.full 2 4 4 0 2 2 1 1 0 0 1 1 1 0 1 2 4 2 2 4 4 6.9 6.3 6.3 010
4V51.423.loop.full 3 1 6 1 0 3 1 1 2 1 0 0 0 0 1 1 1 3 1 3 6 6.6 1.1 5.7 011
4V9D.38.loop.full 3 5 3 0 0 1 1 2 0 0 1 1 2 2 1 3 3 3 3 3 5 6.6 6.0 6.6 011
4V9D.67.loop.full 5 6 5 1 2 2 1 0 1 1 3 1 2 1 1 5 5 5 5 5 6 6.0 5.7 6.0 010
4V9D.68.loop.full 1 4 3 0 0 1 0 3 0 0 0 1 1 1 1 1 3 1 1 3 4 1.0 6.3 6.6 001
4V9D.71.loop.full 3 6 11 1 1 3 2 1 1 0 2 0 0 2 7 3 6 3 3 6 11 6.6 5.7 6.4 010
4V9D.158.loop.full 2 7 9 1 2 3 1 1 1 0 2 0 0 2 5 2 7 2 2 7 9 6.9 5.9 6.1 010
4V9D.195.loop.full 3 0 6 2 0 1 0 0 1 0 0 3 1 0 1 0 0 3 0 3 6 6.6 -3.4 5.7 010
4V9D.318.loop.full 3 1 6 1 0 3 1 1 2 1 0 0 0 0 1 1 1 3 1 3 6 6.6 1.1 5.7 011
4V9D.383.loop.full 2 3 4 1 2 2 0 0 1 1 0 0 0 1 1 2 3 2 2 3 4 6.9 6.6 6.3 010
4V9D.469.loop.full 16 1 3 5 0 0 3 0 1 4 0 0 4 1 2 1 1 3 1 3 16 6.8 1.1 6.6 010
4WQY.119.loop.full 2 4 4 0 2 2 1 1 0 0 1 1 1 0 1 2 4 2 2 4 4 6.9 6.3 6.3 010
4WQY.137.loop.full 3 1 6 1 0 3 1 1 2 1 0 0 0 0 1 1 1 3 1 3 6 6.6 1.1 5.7 011
4WQY.178.loop.full 3 6 15 1 1 3 0 2 3 0 2 4 2 1 5 3 6 3 3 6 15 6.6 5.7 6.7 010
4WQY.199.loop.full 3 5 3 0 1 1 0 1 0 1 1 1 2 2 1 3 3 3 3 3 5 6.6 6.0 6.6 011
4WQY.209.loop.full 0 7 1 0 1 1 0 1 0 0 2 0 0 3 0 0 1 0 0 1 7 0 5.9 1.0 011
4WQY.233.loop.full 1 4 3 0 0 1 0 3 0 0 0 1 1 1 1 1 3 1 1 3 4 1.0 6.3 6.6 001
4WQY.236.loop.full 3 9 10 0 1 4 0 1 0 2 3 0 1 4 6 3 9 3 3 9 10 6.6 6.1 6.3 010
4WQY.303.loop.full 2 3 4 1 2 2 0 0 1 1 0 0 0 1 1 2 3 2 2 3 4 6.9 6.6 6.3 010
4WQY.390.loop.full 16 2 4 4 0 0 2 0 0 2 0 1 8 2 3 2 2 4 2 4 16 6.8 6.9 6.3 010
4WQY.423.loop.full 5 1 3 2 0 0 1 0 1 2 0 1 0 1 1 1 1 3 1 3 5 6.0 1.0 6.6 010
4WQY.501.loop.full 2 6 8 0 1 4 0 1 0 1 1 0 1 3 4 2 6 2 2 6 8 6.9 5.7 6.0 010
4V9N.64.loop.full 3 7 8 0 1 4 0 1 0 2 1 0 1 4 4 3 7 3 3 7 8 6.6 5.9 6.0 010
4V9N.124.loop.full 2 3 4 1 2 2 0 0 1 1 0 0 0 1 1 2 3 2 2 3 4 6.9 6.6 6.3 010
4V9N.196.loop.full 2 4 4 0 2 2 1 1 0 0 1 1 1 0 1 2 4 2 2 4 4 6.9 6.3 6.3 010
4V9N.228.loop.full 9 13 14 2 3 3 1 2 3 4 3 1 2 5 7 9 13 9 9 13 14 6.1 6.6 6.6 010
4V9N.244.loop.full 2 5 15 1 1 3 0 2 3 0 1 4 1 1 5 2 5 2 2 5 15 6.9 6.0 6.7 010
4V9N.264.loop.full 11 14 3 0 3 1 1 3 0 3 4 1 7 4 1 11 3 3 3 11 14 6.4 6.6 6.6 001
4V9N.269.loop.full 2 7 3 0 1 1 1 1 0 0 2 1 1 3 1 2 3 2 2 3 7 6.9 5.9 6.6 011
4V9N.294.loop.full 3 7 8 0 1 4 0 1 0 2 1 0 1 4 4 3 7 3 3 7 8 6.6 5.9 6.0 010
4V9N.333.loop.full 3 0 6 2 0 1 0 0 1 0 0 3 1 0 1 0 0 3 0 3 6 6.6 -3.4 5.7 010
4V9N.429.loop.full 2 4 4 0 2 2 1 1 0 0 1 1 1 0 1 2 4 2 2 4 4 6.9 6.3 6.3 010
4V9N.442.loop.full 3 1 6 1 0 3 1 1 2 1 0 0 0 0 1 1 1 3 1 3 6 6.6 1.1 5.7 011
4WWW.23.loop.full 3 0 6 2 0 1 0 0 1 0 0 3 1 0 1 0 0 3 0 3 6 6.6 -3.4 5.7 010
4WWW.125.loop.full 2 4 4 0 2 2 1 1 0 0 1 1 1 0 1 2 4 2 2 4 4 6.9 6.3 6.3 010
4WWW.145.loop.full 3 1 6 1 0 3 1 1 2 1 0 0 0 0 1 1 1 3 1 3 6 6.6 1.1 5.7 011
4WWW.212.loop.full 5 7 3 0 2 1 3 2 0 0 1 1 2 2 1 5 3 3 3 5 7 6.0 5.9 6.6 011
4WWW.218.loop.full 0 7 1 0 1 0 0 1 0 0 2 0 0 3 1 0 1 0 0 1 7 0 5.9 1.0 010
4WWW.244.loop.full 1 4 3 0 0 1 0 3 0 0 0 1 1 1 1 1 3 1 1 3 4 1.0 6.3 6.6 001
4WWW.247.loop.full 1 7 10 1 1 3 0 1 1 0 3 0 0 2 6 1 7 1 1 7 10 1.3 5.9 6.3 010
4WWW.337.loop.full 1 6 9 1 1 3 0 1 1 0 2 0 0 2 5 1 6 1 1 6 9 1.3 5.7 6.1 010
4WWW.390.loop.full 2 3 4 1 2 2 0 0 1 1 0 0 0 1 1 2 3 2 2 3 4 6.9 6.6 6.3 010
4V5B.28.loop.full 3 3 5 1 2 2 0 0 1 1 0 1 1 1 1 3 3 3 3 3 5 6.6 6.6 6.0 001
4V5B.55.loop.full 4 1 2 2 1 2 0 0 0 0 0 0 2 0 0 1 1 2 1 2 4 6.3 0.6 6.9 110
4V5B.103.loop.full 6 7 5 2 2 3 2 2 1 2 0 0 0 3 1 6 5 5 5 6 7 5.7 5.9 6.0 001
4V5B.141.loop.full 9 9 14 1 1 4 1 3 2 2 2 4 5 3 4 9 9 9 9 9 14 6.1 6.1 6.6 011
4V5B.157.loop.full 13 17 11 1 7 3 8 2 1 2 4 0 2 4 7 13 11 11 11 13 17 6.6 6.8 6.4 010
4V5B.262.loop.full 11 16 8 4 3 2 3 8 0 2 2 2 2 3 4 11 8 8 8 11 16 6.4 6.8 6.0 010
4V5B.269.loop.full 6 7 5 2 2 3 2 2 1 2 0 0 0 3 1 6 5 5 5 6 7 5.7 5.9 6.0 001
4V5B.324.loop.full 9 14 11 2 4 1 3 2 3 3 3 4 1 5 3 9 11 9 9 11 14 6.1 6.6 6.4 001
4V6A.33.loop.full 1 3 3 0 1 1 0 1 0 0 0 1 1 1 1 1 3 1 1 3 3 0.6 6.6 6.6 011
4V6A.40.loop.full 6 12 2 2 3 1 2 1 0 0 3 0 2 5 1 6 2 2 2 6 12 5.7 6.5 6.9 010
4V6A.53.loop.full 4 5 5 1 2 2 1 0 0 1 2 2 1 1 1 4 5 4 4 5 5 6.3 6.0 6.0 010
4V6A.56.loop.full 2 5 9 0 1 4 0 1 0 1 1 0 1 2 5 2 5 2 2 5 9 6.9 6.0 6.1 010
4V6A.98.loop.full 3 0 6 2 0 1 0 0 1 0 0 3 1 0 1 0 0 3 0 3 6 6.6 -3.4 5.7 010
4V6A.183.loop.full 2 4 4 0 2 2 1 1 0 0 1 1 1 0 1 2 4 2 2 4 4 6.9 6.3 6.3 010
4V6A.197.loop.full 3 1 6 1 0 3 1 1 2 1 0 0 0 0 1 1 1 3 1 3 6 6.6 1.1 5.7 011
4V6A.285.loop.full 3 8 9 0 1 4 0 1 0 2 2 0 1 4 5 3 8 3 3 8 9 6.6 6.0 6.1 010
4V6A.344.loop.full 2 3 4 1 2 2 0 0 1 1 0 0 0 1 1 2 3 2 2 3 4 6.9 6.6 6.3 010
4V6A.411.loop.full 2 4 4 0 2 2 1 1 0 0 1 1 1 0 1 2 4 2 2 4 4 6.9 6.3 6.3 010
4V6A.442.loop.full 7 13 12 2 3 3 1 2 2 3 3 1 1 5 6 7 12 7 7 12 13 5.9 6.6 6.5 010
4Z8C.124.loop.full 5 4 7 0 2 2 3 1 0 0 1 2 2 0 3 4 4 5 4 5 7 6.0 6.3 5.9 010
4Z8C.141.loop.full 3 1 6 1 0 3 1 1 2 1 0 0 0 0 1 1 1 3 1 3 6 6.6 1.1 5.7 011
4Z8C.179.loop.full 3 4 17 2 1 3 0 2 4 0 0 5 1 1 5 3 4 3 3 4 17 6.6 6.3 6.8 010
4Z8C.200.loop.full 1 3 3 0 1 1 0 1 0 0 0 1 1 1 1 1 3 1 1 3 3 0.6 6.6 6.6 011
4Z8C.231.loop.full 0 3 3 0 0 1 0 2 0 0 0 1 0 1 1 0 3 0 0 3 3 0 6.6 6.6 001
4Z8C.234.loop.full 1 5 8 0 1 4 0 1 0 0 1 0 1 2 4 1 5 1 1 5 8 0.7 6.0 6.0 010
4Z8C.300.loop.full 2 3 4 1 2 2 0 0 1 1 0 0 0 1 1 2 3 2 2 3 4 6.9 6.6 6.3 010
4Z8C.414.loop.full 7 4 3 2 1 0 1 0 1 3 1 1 1 2 1 4 3 3 3 4 7 5.9 6.3 6.6 010
4V8I.14.loop.full 1 4 15 1 1 3 0 2 3 0 0 4 0 1 5 1 4 1 1 4 15 0.8 6.3 6.7 010
4V8I.36.loop.full 1 3 3 0 1 1 0 1 0 0 0 1 1 1 1 1 3 1 1 3 3 0.6 6.6 6.6 011
4V8I.43.loop.full 1 7 2 0 1 1 1 1 0 0 2 0 0 3 1 1 2 1 1 2 7 1.0 5.9 6.9 011
4V8I.68.loop.full 0 2 2 0 0 1 0 1 0 0 0 1 0 1 0 0 2 0 0 2 2 0 6.9 6.9 001
4V8I.71.loop.full 1 6 9 0 1 4 0 1 0 0 2 0 1 2 5 1 6 1 1 6 9 0.7 5.7 6.1 010
4V8I.210.loop.full 2 4 4 0 2 2 1 1 0 0 1 1 1 0 1 2 4 2 2 4 4 6.9 6.3 6.3 010
4V8I.229.loop.full 3 1 6 1 0 3 1 1 2 1 0 0 0 0 1 1 1 3 1 3 6 6.6 1.1 5.7 011
4V8I.393.loop.full 2 3 4 1 2 2 0 0 1 1 0 0 0 1 1 2 3 2 2 3 4 6.9 6.6 6.3 010
4V8I.479.loop.full 17 2 5 4 0 0 2 0 0 2 0 2 9 2 3 2 2 5 2 5 17 6.8 6.9 6.0 010
4V8I.510.loop.full 7 1 5 2 0 0 1 0 2 3 0 1 1 1 2 1 1 5 1 5 7 5.9 1.0 6.0 010
4V9J.36.loop.full 1 3 3 0 1 1 0 1 0 0 0 1 1 1 1 1 3 1 1 3 3 0.6 6.6 6.6 011
4V9J.44.loop.full 0 7 1 0 1 1 0 1 0 0 2 0 0 3 0 0 1 0 0 1 7 0 5.9 1.0 011
4V9J.70.loop.full 7 5 9 1 2 2 2 0 2 2 2 3 2 1 2 5 5 7 5 7 9 5.9 6.0 6.1 010
4V9J.71.loop.full 0 3 3 0 0 1 0 2 0 0 0 1 0 1 1 0 3 0 0 3 3 0 6.6 6.6 011
4V9J.90.loop.full 4 1 2 2 0 0 1 0 1 1 0 1 0 1 0 1 1 2 1 2 4 6.3 1.0 6.9 010
4V9J.125.loop.full 3 0 6 2 0 1 0 0 1 0 0 3 1 0 1 0 0 3 0 3 6 6.6 -3.4 5.7 010
4V9J.218.loop.full 5 4 7 0 2 2 3 1 0 0 1 2 2 0 3 4 4 5 4 5 7 6.0 6.3 5.9 010
4V9J.230.loop.full 23 7 4 5 2 0 3 0 0 4 1 1 11 4 3 7 4 4 4 7 23 7.2 5.9 6.3 010
4V9J.240.loop.full 3 1 6 1 0 3 1 1 2 1 0 0 0 0 1 1 1 3 1 3 6 6.6 1.1 5.7 011
4V9J.294.loop.full 1 3 3 0 1 1 0 1 0 0 0 1 1 1 1 1 3 1 1 3 3 0.6 6.6 6.6 011
4V9J.302.loop.full 0 7 1 0 1 1 0 1 0 0 2 0 0 3 0 0 1 0 0 1 7 0 5.9 1.0 011
4V9J.330.loop.full 7 5 9 1 2 2 2 0 2 2 2 3 2 1 2 5 5 7 5 7 9 5.9 6.0 6.1 010
4V9J.331.loop.full 1 4 3 0 0 1 0 3 0 0 0 1 1 1 1 1 3 1 1 3 4 1.0 6.3 6.6 011
4V9J.351.loop.full 4 1 2 2 0 0 1 0 1 1 0 1 0 1 0 1 1 2 1 2 4 6.3 1.0 6.9 010
4V9J.362.loop.full 0 9 13 0 6 6 0 1 2 0 0 1 0 2 4 0 9 0 0 9 13 0 6.1 6.6 001
4V9J.383.loop.full 3 0 6 2 0 1 0 0 1 0 0 3 1 0 1 0 0 3 0 3 6 6.6 -3.4 5.7 010
4V9J.402.loop.full 6 3 8 1 2 2 1 0 2 2 0 1 2 1 3 3 3 6 3 6 8 5.7 6.6 6.0 010
4V9J.478.loop.full 2 4 4 0 2 2 1 1 0 0 1 1 1 0 1 2 4 2 2 4 4 6.9 6.3 6.3 010
4V9J.489.loop.full 23 7 4 5 2 0 3 0 0 4 1 1 11 4 3 7 4 4 4 7 23 7.2 5.9 6.3 010
4V9J.500.loop.full 3 1 6 1 0 3 1 1 2 1 0 0 0 0 1 1 1 3 1 3 6 6.6 1.1 5.7 011
4V95.32.loop.full 1 6 7 0 2 1 0 1 1 0 1 3 1 2 2 1 6 1 1 6 7 0.6 5.7 5.9 010
4V95.39.loop.full 1 7 2 0 1 1 1 1 0 0 2 0 0 3 1 1 2 1 1 2 7 1.0 5.9 6.9 011
4V95.68.loop.full 1 5 8 0 1 4 0 1 0 0 1 0 1 2 4 1 5 1 1 5 8 0.7 6.0 6.0 010
4V95.206.loop.full 2 4 4 0 2 2 1 1 0 0 1 1 1 0 1 2 4 2 2 4 4 6.9 6.3 6.3 010
4V95.220.loop.full 3 1 6 1 0 3 1 1 2 1 0 0 0 0 1 1 1 3 1 3 6 6.6 1.1 5.7 011
4V95.318.loop.full 1 6 9 0 1 4 0 1 0 0 2 0 1 2 5 1 6 1 1 6 9 0.7 5.7 6.1 010
4V95.380.loop.full 2 3 4 1 2 2 0 0 1 1 0 0 0 1 1 2 3 2 2 3 4 6.9 6.6 6.3 010
4V95.457.loop.full 17 2 5 4 0 0 2 0 0 2 0 2 9 2 3 2 2 5 2 5 17 6.8 6.9 6.0 010
4V95.486.loop.full 5 1 3 2 0 0 1 0 1 2 0 1 0 1 1 1 1 3 1 3 5 6.0 1.0 6.6 010
4V8N.12.loop.full 6 4 20 3 1 3 0 2 5 0 0 7 3 1 5 4 4 6 4 6 20 5.7 6.3 7.0 010
4V8N.32.loop.full 2 3 4 0 1 1 0 1 0 1 0 1 1 1 2 2 3 2 2 3 4 6.9 6.6 6.3 011
4V8N.38.loop.full 5 12 1 2 3 1 1 1 0 0 3 0 2 5 0 5 1 1 1 5 12 6.0 6.5 1.0 011
4V8N.60.loop.full 3 8 9 0 1 4 0 1 0 2 2 0 1 4 5 3 8 3 3 8 9 6.6 6.0 6.1 010
4V8N.187.loop.full 3 4 5 0 2 2 2 1 0 0 1 1 1 0 2 3 4 3 3 4 5 6.6 6.3 6.0 010
4V8N.202.loop.full 3 1 6 1 0 3 1 1 2 1 0 0 0 0 1 1 1 3 1 3 6 6.6 1.1 5.7 011
4V8N.286.loop.full 3 8 9 0 1 4 0 1 0 2 2 0 1 4 5 3 8 3 3 8 9 6.6 6.0 6.1 010
4V8N.339.loop.full 2 3 4 1 2 2 0 0 1 1 0 0 0 1 1 2 3 2 2 3 4 6.9 6.6 6.3 010
4V8N.411.loop.full 3 4 5 0 2 2 2 1 0 0 1 1 1 0 2 3 4 3 3 4 5 6.6 6.3 6.0 010
4V8N.447.loop.full 7 3 2 2 1 0 1 0 0 3 1 1 1 1 1 3 2 2 2 3 7 5.9 6.6 6.9 010
4V8A.43.loop.full 2 3 4 1 2 2 0 0 1 1 0 0 0 1 1 2 3 2 2 3 4 6.9 6.6 6.3 010
4V8A.125.loop.full 17 2 5 4 0 0 2 0 0 2 0 2 9 2 3 2 2 5 2 5 17 6.8 6.9 6.0 010
4V8A.156.loop.full 5 0 2 2 0 0 1 0 0 2 0 1 0 0 1 0 0 2 0 2 5 6.0 -3.4 6.9 010
4V8A.182.loop.full 3 0 6 2 0 1 0 0 1 0 0 3 1 0 1 0 0 3 0 3 6 6.6 -3.4 5.7 010
4V8A.275.loop.full 3 4 5 0 2 2 2 1 0 0 1 1 1 0 2 3 4 3 3 4 5 6.6 6.3 6.0 010
4V8A.295.loop.full 3 1 6 1 0 3 1 1 2 1 0 0 0 0 1 1 1 3 1 3 6 6.6 1.1 5.7 011
4V8A.357.loop.full 1 3 3 0 1 1 0 1 0 0 0 1 1 1 1 1 3 1 1 3 3 0.6 6.6 6.6 011
4V8A.479.loop.full 1 6 9 0 1 4 0 1 0 0 2 0 1 2 5 1 6 1 1 6 9 0.7 5.7 6.1 010
4W29.35.loop.full 1 3 3 0 1 1 0 1 0 0 0 1 1 1 1 1 3 1 1 3 3 0.6 6.6 6.6 011
4W29.63.loop.full 4 5 5 1 2 2 1 0 0 1 2 2 1 1 1 4 5 4 4 5 5 6.3 6.0 6.0 010
4W29.64.loop.full 0 3 3 0 0 1 0 2 0 0 0 1 0 1 1 0 3 0 0 3 3 0 6.6 6.6 011
4W29.104.loop.full 3 0 6 2 0 1 0 0 1 0 0 3 1 0 1 0 0 3 0 3 6 6.6 -3.4 5.7 010
4W29.201.loop.full 1 3 4 0 2 2 1 1 0 0 0 1 0 0 1 1 3 1 1 3 4 1.4 6.6 6.3 010
4W29.213.loop.full 17 1 4 4 0 0 2 0 0 2 0 1 9 1 3 1 1 4 1 4 17 6.8 1.1 6.3 010
4W29.224.loop.full 3 1 6 1 0 3 1 1 2 1 0 0 0 0 1 1 1 3 1 3 6 6.6 1.1 5.7 011
4W29.247.loop.full 4 0 1 2 0 0 1 0 0 1 0 1 0 0 0 0 0 1 0 1 4 6.3 -3.4 1.5 010
4W29.288.loop.full 1 3 3 0 1 1 0 1 0 0 0 1 1 1 1 1 3 1 1 3 3 0.6 6.6 6.6 011
4W29.315.loop.full 4 5 5 1 2 2 1 0 0 1 2 2 1 1 1 4 5 4 4 5 5 6.3 6.0 6.0 010
4W29.316.loop.full 3 4 5 0 0 2 1 3 0 0 0 2 2 1 1 3 4 3 3 4 5 6.6 6.3 6.0 010
4W29.357.loop.full 3 0 6 2 0 1 0 0 1 0 0 3 1 0 1 0 0 3 0 3 6 6.6 -3.4 5.7 010
4W29.376.loop.full 2 3 4 1 2 2 0 0 1 1 0 0 0 1 1 2 3 2 2 3 4 6.9 6.6 6.3 010
4W29.453.loop.full 1 3 4 0 2 2 1 1 0 0 0 1 0 0 1 1 3 1 1 3 4 1.4 6.6 6.3 010
4W29.463.loop.full 17 2 5 4 0 0 2 0 0 2 0 2 9 2 3 2 2 5 2 5 17 6.8 6.9 6.0 010
4W29.473.loop.full 3 1 6 1 0 3 1 1 2 1 0 0 0 0 1 1 1 3 1 3 6 6.6 1.1 5.7 011
4W29.498.loop.full 4 1 2 2 0 0 1 0 1 1 0 1 0 1 0 1 1 2 1 2 4 6.3 1.0 6.9 110
5AJ0.17.loop.full 4 1 1 2 0 0 1 0 1 1 0 0 0 1 0 1 1 1 1 1 4 6.3 1.1 1.1 010
5AJ0.43.loop.full 17 13 5 2 1 1 1 3 1 7 4 1 7 5 2 13 5 5 5 13 17 6.8 6.6 6.0 001
5AJ0.184.loop.full 3 2 7 1 0 4 2 2 2 0 0 1 0 0 0 2 2 3 2 3 7 6.6 6.9 5.9 011
5AJ0.274.loop.full 8 5 13 3 2 3 0 1 4 5 1 3 0 1 3 5 5 8 5 8 13 6.0 6.0 6.6 100
5AJ0.285.loop.full 4 4 4 1 2 2 2 0 1 1 0 1 0 2 0 4 4 4 4 4 4 6.3 6.3 6.3 010
4V7E.53.loop.full 10 6 16 3 3 2 0 2 4 5 0 7 2 1 3 6 6 10 6 10 16 6.3 5.7 6.8 100
4V7E.144.loop.full 2 3 4 0 2 1 0 0 1 1 0 1 1 1 1 2 3 2 2 3 4 6.9 6.6 6.3 001
4V7E.189.loop.full 7 7 15 0 3 3 2 1 3 1 0 4 4 3 5 7 7 7 7 7 15 5.9 5.9 6.7 001
4V7E.242.loop.full 3 5 4 1 1 4 1 1 0 1 0 0 0 3 0 3 4 3 3 4 5 6.6 6.0 6.3 001
4V7E.252.loop.full 3 1 6 1 0 3 2 1 1 0 0 2 0 0 0 1 1 3 1 3 6 6.6 0.6 5.7 011
4V7E.285.loop.full 7 1 4 3 0 0 2 0 3 1 0 0 1 1 1 1 1 4 1 4 7 5.9 1.1 6.3 010
4V3P.39.loop.full 2 7 3 0 4 1 2 1 2 0 2 0 0 0 0 2 3 2 2 3 7 6.9 5.9 6.6 001
4V3P.135.loop.full 2 3 4 0 2 1 0 0 1 1 0 1 1 1 1 2 3 2 2 3 4 6.9 6.6 6.3 011
4V3P.173.loop.full 5 2 3 3 2 0 0 0 2 0 0 1 2 0 0 2 2 3 2 3 5 6.0 6.9 6.6 110
4V6L.54.loop.full 5 7 13 3 3 3 0 3 4 2 0 3 0 1 3 5 7 5 5 7 13 6.0 5.9 6.6 100
4V6L.140.loop.full 4 3 6 1 2 2 0 0 2 1 0 1 2 1 1 3 3 4 3 4 6 6.3 6.6 5.7 001
4V6L.234.loop.full 3 5 4 2 1 3 1 2 1 0 0 0 0 2 0 3 4 3 3 4 5 6.6 6.0 6.3 001
4V4N.37.loop.full 1 3 3 0 0 1 0 2 0 0 0 1 1 1 1 1 3 1 1 3 3 0.6 6.6 6.6 011
4V4N.62.loop.full 3 3 4 1 2 3 0 0 0 1 0 0 1 1 1 3 3 3 3 3 4 6.6 6.6 6.3 001
4V4N.135.loop.full 2 4 4 1 1 1 0 1 1 1 1 0 0 1 2 2 4 2 2 4 4 6.9 6.3 6.3 011
4W2E.46.loop.full 2 3 4 1 2 2 0 0 1 1 0 0 0 1 1 2 3 2 2 3 4 6.9 6.6 6.3 010
4W2E.141.loop.full 3 1 6 1 0 3 1 1 2 1 0 0 0 0 1 1 1 3 1 3 6 6.6 1.1 5.7 011
3J9Y.37.loop.full 1 3 3 0 0 1 0 2 0 0 0 1 1 1 1 1 3 1 1 3 3 0.6 6.6 6.6 011
3J9Y.45.loop.full 1 7 2 0 1 0 1 1 0 0 2 0 0 3 2 1 2 1 1 2 7 1.0 5.9 6.9 011
3J9Y.64.loop.full 6 2 4 2 1 1 2 0 2 1 1 1 1 0 0 2 2 4 2 4 6 5.7 6.9 6.3 001
3J9Y.73.loop.full 0 3 3 0 0 1 0 2 0 0 0 1 0 1 1 0 3 0 0 3 3 0 6.6 6.6 001
3J9Y.117.loop.full 4 1 6 2 0 1 0 0 1 0 1 3 2 0 1 1 1 4 1 4 6 6.3 0.6 5.7 010
3J9Y.137.loop.full 2 3 4 1 2 2 0 0 1 1 0 0 0 1 1 2 3 2 2 3 4 6.9 6.6 6.3 011
3J9Y.231.loop.full 2 1 5 1 0 3 1 1 2 0 0 0 0 0 0 1 1 2 1 2 5 6.9 1.1 6.0 011
4V7I.31.loop.full 3 0 6 2 0 1 0 0 1 0 0 3 1 0 1 0 0 3 0 3 6 6.6 -3.4 5.7 101
4V7I.51.loop.full 2 3 4 1 2 2 0 0 1 1 0 0 0 1 1 2 3 2 2 3 4 6.9 6.6 6.3 011
4V7I.246.loop.full 2 3 2 2 0 2 0 1 0 0 0 0 0 2 0 2 2 2 2 2 3 6.9 6.6 6.9 010
4V7I.257.loop.full 3 6 11 1 1 3 2 1 1 0 2 0 0 2 7 3 6 3 3 6 11 6.6 5.7 6.4 010
4V5O.67.loop.full 4 3 5 3 0 2 0 1 1 0 0 1 1 2 1 3 3 4 3 4 5 6.3 6.6 6.0 011
4V5O.74.loop.full 4 4 4 1 2 2 2 0 1 1 0 1 0 2 0 4 4 4 4 4 4 6.3 6.3 6.3 010
4V5O.164.loop.full 4 3 5 3 0 2 0 1 1 0 0 1 1 2 1 3 3 4 3 4 5 6.3 6.6 6.0 011
4V5O.171.loop.full 4 4 4 1 2 2 2 0 1 1 0 1 0 2 0 4 4 4 4 4 4 6.3 6.3 6.3 010
4V5O.177.loop.full 1 4 7 1 1 2 0 1 2 0 1 0 0 1 3 1 4 1 1 4 7 1.1 6.3 5.9 010
3J3V.37.loop.full 2 3 4 1 2 2 0 0 1 1 0 0 0 1 1 2 3 2 2 3 4 6.9 6.6 6.3 010
1FFK.46.loop.full 2 4 4 1 1 1 0 2 1 1 0 0 0 1 2 2 4 2 2 4 4 6.9 6.3 6.3 010
1FFK.76.loop.full 4 2 2 2 1 2 2 1 0 0 0 0 0 0 0 2 2 2 2 2 4 6.3 6.9 6.9 110
2D3O.40.loop.full 2 10 10 1 2 2 0 1 3 1 3 2 0 4 3 2 10 2 2 10 10 6.9 6.3 6.3 001
2D3O.68.loop.full 6 1 4 2 0 2 1 0 0 2 0 0 1 1 2 1 1 4 1 4 6 5.7 0.6 6.3 110
2D3O.110.loop.full 2 3 5 0 2 1 2 1 0 0 0 2 0 0 2 2 3 2 2 3 5 6.9 6.6 6.0 010
2D3O.119.loop.full 22 7 3 5 2 0 5 0 0 3 1 0 9 4 3 7 3 3 3 7 22 7.1 5.9 6.6 010
3J3W.42.loop.full 2 3 4 1 2 2 0 0 1 1 0 0 0 1 1 2 3 2 2 3 4 6.9 6.6 6.3 010
5A2Q.68.loop.full 4 3 5 1 0 2 0 1 2 1 0 0 2 2 1 3 3 4 3 4 5 6.3 6.6 6.0 011
4CE4.65.loop.full 6 6 6 2 3 3 0 1 2 4 0 0 0 2 1 6 6 6 6 6 6 5.7 5.7 5.7 001
2A64.3.loop.full 3 2 19 0 0 7 0 0 5 1 1 3 2 1 4 2 2 3 2 3 19 6.6 6.9 7.0 011
3DHS.2.loop.full 3 1 18 0 0 7 0 0 4 1 1 3 2 0 4 1 1 3 1 3 18 6.6 1.0 6.9 011
4FRN.3.loop.full 7 4 18 3 1 5 1 0 5 0 3 4 3 0 4 4 4 7 4 7 18 5.9 6.3 6.9 001
4FRN.8.loop.full 7 4 18 3 1 5 1 0 5 0 3 4 3 0 4 4 4 7 4 7 18 5.9 6.3 6.9 001
4P8Z.3.loop.full 0 9 4 0 3 1 0 1 1 0 2 1 0 3 1 0 4 0 0 4 9 -1.5 6.1 6.3 011
1G1X.2.loop.full 1 3 3 0 1 1 0 1 0 0 0 1 1 1 1 1 3 1 1 3 3 0.6 6.6 6.6 001
1G1X.8.loop.full 2 4 3 0 1 1 0 1 0 0 1 1 2 1 1 2 3 2 2 3 4 6.9 6.3 6.6 001
3P49.7.loop.full 9 3 10 2 2 5 2 0 1 1 1 1 4 0 3 3 3 9 3 9 10 6.1 6.6 6.3 011
4FRG.4.loop.full 7 2 7 3 0 2 1 0 1 0 2 2 3 0 2 2 2 7 2 7 7 5.9 6.9 5.9 010
4FRG.9.loop.full 7 2 7 3 0 2 1 0 1 0 2 2 3 0 2 2 2 7 2 7 7 5.9 6.9 5.9 011
1UN6.2.loop.full 5 0 1 2 0 0 0 0 0 3 0 0 0 0 1 0 0 1 0 1 5 6.0 -3.3 1.5 100
4QK9.2.loop.full 3 0 1 2 0 1 0 0 0 0 0 0 1 0 0 0 0 1 0 1 3 6.6 -0.9 1.5 010
2MHI.2.loop.full 1 4 2 0 2 0 0 0 1 1 0 1 0 2 0 1 2 1 1 2 4 1.3 6.3 6.9 011
1RMN.1.loop.full 8 3 2 2 2 1 3 0 0 1 0 1 2 1 0 3 2 2 2 3 8 6.0 6.6 6.9 010