1QVF.77.loop.full 7 0 3 0 3 0 0 0 1 0 2 0 1 0 0 0 2 0 1 0 3 0 0 0 3 7 5.9 -2.2 6.6 -2.4 0100
1QVF.81.loop.full 3 4 0 6 0 1 0 0 2 2 0 3 0 0 0 2 1 1 0 1 0 4 0 3 4 6 6.6 6.3 -3.4 5.7 0010
1QVF.107.loop.full 3 3 3 4 1 2 2 1 1 1 0 1 1 0 0 1 0 0 1 1 3 3 3 3 3 4 6.6 6.6 6.6 6.3 1100
1QVF.111.loop.full 2 0 20 11 0 0 5 0 1 0 7 2 1 0 3 4 0 0 5 5 2 0 0 2 11 20 6.9 -3.4 7.0 6.4 0100
4V6F.75.loop.full 5 0 3 1 3 0 0 0 1 0 0 0 0 0 2 0 1 0 1 1 3 0 0 1 3 5 6.0 -2.1 6.6 0.6 0100
4V6F.106.loop.full 3 3 2 3 1 2 1 1 1 0 0 1 1 1 0 1 0 0 1 0 2 3 2 3 3 3 6.6 6.6 6.9 6.6 1000
4V6F.489.loop.full 2 0 20 11 0 0 6 0 2 0 6 2 0 0 4 4 0 0 4 5 2 0 0 2 11 20 6.9 -3.4 7.0 6.4 0100
4V9O.96.loop.full 0 4 8 4 0 2 3 0 0 2 1 0 0 0 1 2 0 0 3 2 0 4 0 4 4 8 0 6.3 6.0 6.3 0010
4V9O.110.loop.full 5 3 2 6 2 2 1 2 1 0 0 1 2 1 0 2 0 0 1 1 2 3 2 3 5 6 6.0 6.6 6.9 5.7 1100
4V9O.181.loop.full 3 7 4 1 1 3 3 1 0 1 0 0 0 2 1 0 2 1 0 0 3 1 1 3 4 7 6.6 5.9 6.3 1.1 0010
4V9O.202.loop.full 5 4 19 8 3 3 5 4 0 0 5 0 1 0 4 2 1 1 5 2 5 4 4 5 8 19 6.0 6.3 7.0 6.0 0100
4V9O.338.loop.full 5 0 2 0 3 0 0 0 1 0 1 0 0 0 1 0 1 0 0 0 2 0 0 0 2 5 6.0 -2.1 6.9 -2.1 1100
4V9O.354.loop.full 0 4 8 4 0 2 3 0 0 2 1 0 0 0 1 2 0 0 3 2 0 4 0 4 4 8 0 6.3 6.0 6.3 0010
4V9O.370.loop.full 3 3 2 3 1 2 1 1 1 0 0 1 1 1 0 1 0 0 1 0 2 3 2 3 3 3 6.6 6.6 6.9 6.6 1100
4V9O.464.loop.full 5 4 19 8 3 3 5 4 0 0 5 0 1 0 4 2 1 1 5 2 5 4 4 5 8 19 6.0 6.3 7.0 6.0 0100
4U6F.33.loop.full 7 6 22 12 5 4 8 7 0 0 4 1 1 1 5 2 1 1 5 2 7 6 6 7 12 22 5.9 5.7 7.1 6.5 0001
4U6F.185.loop.full 3 4 0 6 0 1 0 1 2 2 0 2 0 0 0 2 1 1 0 1 0 4 0 3 4 6 6.6 6.3 -2.2 5.7 0010
4U6F.327.loop.full 7 6 18 8 5 4 7 5 0 0 4 1 1 1 5 1 1 1 2 1 7 6 6 7 8 18 5.9 5.7 6.9 6.0 0001
4V6G.206.loop.full 3 3 2 3 1 2 1 1 1 0 0 1 1 1 0 1 0 0 1 0 2 3 2 3 3 3 6.6 6.6 6.9 6.6 1000
4V6G.477.loop.full 2 1 21 11 0 0 6 0 2 0 6 2 0 0 5 4 0 1 4 5 2 1 1 2 11 21 6.9 1.0 7.1 6.4 0100
4V5P.139.loop.full 5 0 3 1 3 0 0 0 1 0 0 0 0 0 2 0 1 0 1 1 3 0 0 1 3 5 6.0 -2.1 6.6 0.6 0110
4V5P.170.loop.full 3 3 2 3 1 2 1 1 1 0 0 1 1 1 0 1 0 0 1 0 2 3 2 3 3 3 6.6 6.6 6.9 6.6 1100
4V5P.174.loop.full 2 0 20 11 0 0 6 0 2 0 6 2 0 0 4 4 0 0 4 5 2 0 0 2 11 20 6.9 -3.4 7.0 6.4 0001
4V5P.371.loop.full 5 0 3 1 3 0 0 0 1 0 0 0 0 0 2 0 1 0 1 1 3 0 0 1 3 5 6.0 -2.1 6.6 0.6 0100
4V5P.403.loop.full 3 3 2 3 1 2 1 1 1 0 0 1 1 1 0 1 0 0 1 0 2 3 2 3 3 3 6.6 6.6 6.9 6.6 1100
4V4G.10.loop.full 25 16 8 16 8 3 3 5 2 4 0 2 6 6 2 5 9 3 3 4 8 16 8 16 16 25 7.3 6.8 6.0 6.8 1000
4V4G.169.loop.full 25 16 8 16 8 3 3 5 2 4 0 2 6 6 2 5 9 3 3 4 8 16 8 16 16 25 7.3 6.8 6.0 6.8 1000
4V4G.326.loop.full 25 16 8 16 8 3 3 5 2 4 0 2 6 6 2 5 9 3 3 4 8 16 8 16 16 25 7.3 6.8 6.0 6.8 1000
4V7L.12.loop.full 6 6 5 6 3 1 3 3 0 2 0 0 0 2 0 0 3 1 2 3 5 6 5 6 6 6 5.7 5.7 6.0 5.7 0110
4V7L.62.loop.full 7 10 6 22 1 2 1 4 2 0 1 4 2 6 2 7 2 2 2 7 6 10 6 7 10 22 5.9 6.3 5.7 7.1 0110
4V7L.183.loop.full 3 1 20 11 0 0 6 0 2 0 6 2 0 1 4 4 1 0 4 5 3 1 1 3 11 20 6.6 1.1 7.0 6.4 0100
4V7L.240.loop.full 10 11 11 0 3 2 3 0 2 2 1 0 2 5 2 0 3 2 5 0 10 0 0 10 11 11 6.3 6.4 6.4 -3.4 0010
4V7L.369.loop.full 5 0 10 5 3 0 3 3 1 0 0 1 0 0 2 0 1 0 5 1 5 0 0 5 5 10 6.0 -2.1 6.3 6.0 0100
4V7L.425.loop.full 4 1 3 3 0 1 2 0 0 0 0 0 0 0 0 0 4 0 1 3 3 1 1 3 3 4 6.3 1.1 6.6 6.6 0010
4V7C.9.loop.full 14 16 8 8 4 6 4 1 2 3 0 1 1 5 1 0 7 2 3 6 8 8 8 8 14 16 6.6 6.8 6.0 6.0 0010
4U1U.14.loop.full 3 7 4 1 1 3 3 1 0 1 0 0 0 2 1 0 2 1 0 0 3 1 1 3 4 7 6.6 5.9 6.3 1.1 0100
4U1U.196.loop.full 2 1 21 11 0 0 6 0 1 0 6 1 1 0 5 5 0 1 4 5 2 1 1 2 11 21 6.9 1.0 7.1 6.4 0100
4U1U.440.loop.full 0 5 10 5 0 2 3 0 0 2 2 0 0 0 1 2 0 1 4 3 0 5 0 5 5 10 0 6.0 6.3 6.0 0010
4U1U.455.loop.full 3 3 2 3 1 2 1 1 1 0 0 1 1 1 0 1 0 0 1 0 2 3 2 3 3 3 6.6 6.6 6.9 6.6 1000
4U1U.506.loop.full 4 3 3 1 0 1 2 0 1 0 0 0 1 0 0 0 2 2 1 1 3 1 1 3 3 4 6.3 6.6 6.6 1.1 0010
4V4H.39.loop.full 5 4 19 8 3 3 5 4 0 0 5 0 1 0 4 2 1 1 5 2 5 4 4 5 8 19 6.0 6.3 7.0 6.0 0100
4V4H.212.loop.full 2 1 21 11 0 0 6 0 1 0 6 1 1 0 5 5 0 1 4 5 2 1 1 2 11 21 6.9 1.0 7.1 6.4 0100
4V4H.307.loop.full 5 4 19 8 3 3 5 4 0 0 5 0 1 0 4 2 1 1 5 2 5 4 4 5 8 19 6.0 6.3 7.0 6.0 0001
4V4H.456.loop.full 0 4 8 4 0 2 3 0 0 2 1 0 0 0 1 2 0 0 3 2 0 4 0 4 4 8 0 6.3 6.0 6.3 0110
4V4H.471.loop.full 3 3 2 3 1 2 1 1 1 0 0 1 1 1 0 1 0 0 1 0 2 3 2 3 3 3 6.6 6.6 6.9 6.6 1100
2GIS.2.loop.full 6 1 8 3 4 0 2 2 0 0 3 0 0 1 2 0 2 0 1 1 6 1 1 3 6 8 5.7 0.6 6.0 6.6 0100
4UJC.100.loop.full 3 4 0 6 0 1 0 1 2 1 0 2 0 1 0 2 1 1 0 1 0 4 0 3 4 6 6.6 6.3 -1.4 5.7 0010
4UJC.112.loop.full 11 16 17 13 1 3 3 2 0 2 3 0 4 2 5 4 6 9 6 7 11 13 11 13 16 17 6.4 6.8 6.8 6.6 0110
4V7H.59.loop.full 5 20 13 17 1 8 3 4 3 5 4 6 1 5 2 4 0 2 4 3 5 17 5 13 17 20 6.0 7.0 6.6 6.8 0110
4V5J.188.loop.full 3 3 2 3 1 2 1 1 1 0 0 1 1 1 0 1 0 0 1 0 2 3 2 3 3 3 6.6 6.6 6.9 6.6 1000
4V5J.261.loop.full 2 4 3 2 1 1 3 1 0 2 0 0 0 0 0 0 1 1 0 1 2 2 2 2 3 4 6.9 6.3 6.6 6.9 0100
4V5J.437.loop.full 2 0 20 11 0 0 6 0 2 0 6 2 0 0 4 4 0 0 4 5 2 0 0 2 11 20 6.9 -3.4 7.0 6.4 0100
4V9P.85.loop.full 0 4 8 4 0 2 3 0 0 2 1 0 0 0 1 2 0 0 3 2 0 4 0 4 4 8 0 6.3 6.0 6.3 0010
4V9P.99.loop.full 3 3 2 3 1 2 1 1 1 0 0 1 1 1 0 1 0 0 1 0 2 3 2 3 3 3 6.6 6.6 6.9 6.6 1100
4V9P.178.loop.full 3 7 4 1 1 3 3 1 0 1 0 0 0 2 1 0 2 1 0 0 3 1 1 3 4 7 6.6 5.9 6.3 1.1 0010
4V9P.202.loop.full 5 4 19 8 3 3 5 4 0 0 5 0 1 0 4 2 1 1 5 2 5 4 4 5 8 19 6.0 6.3 7.0 6.0 0100
4V9P.342.loop.full 0 0 3 4 0 0 1 0 0 0 0 0 0 0 1 2 0 0 1 2 0 0 0 0 3 4 0 -2.5 6.6 6.3 0010
4V9P.357.loop.full 3 3 2 3 1 2 1 1 1 0 0 1 1 1 0 1 0 0 1 0 2 3 2 3 3 3 6.6 6.6 6.9 6.6 1100
4V9P.460.loop.full 5 4 18 7 3 3 5 3 0 0 5 0 1 0 4 2 1 1 4 2 5 4 4 5 7 18 6.0 6.3 6.9 5.9 0100
4WT1.196.loop.full 2 1 21 11 0 0 6 0 2 0 6 2 0 0 5 4 0 1 4 5 2 1 1 2 11 21 6.9 1.0 7.1 6.4 0100
4WT1.404.loop.full 3 1 5 8 1 0 2 1 0 0 0 0 0 1 0 3 2 0 3 4 3 1 1 3 5 8 6.6 1.1 6.0 6.0 0110
4WT1.419.loop.full 3 3 2 3 1 2 1 1 1 0 0 1 1 1 0 1 0 0 1 0 2 3 2 3 3 3 6.6 6.6 6.9 6.6 1000
4UJE.160.loop.full 3 4 0 6 0 1 0 1 2 1 0 2 0 1 0 2 1 1 0 1 0 4 0 3 4 6 6.6 6.3 -1.4 5.7 0010
4UJE.163.loop.full 15 17 23 0 3 3 5 0 3 2 2 0 3 4 7 0 6 8 9 0 15 0 0 15 17 23 6.7 6.8 7.2 -2.4 0001
4V9A.196.loop.full 2 1 21 11 0 0 6 0 2 0 6 2 0 0 5 4 0 1 4 5 2 1 1 2 11 21 6.9 1.0 7.1 6.4 0100
4V9A.232.loop.full 2 1 3 1 0 1 2 0 0 0 0 0 0 0 0 0 2 0 1 1 2 1 1 1 2 3 6.9 1.1 6.6 0.6 0110
4V9A.426.loop.full 2 1 5 7 1 0 2 1 0 0 0 0 0 1 0 3 1 0 3 3 2 1 1 2 5 7 6.9 1.1 6.0 5.9 0100
4V9A.442.loop.full 3 3 2 3 1 2 1 1 1 0 0 1 1 1 0 1 0 0 1 0 2 3 2 3 3 3 6.6 6.6 6.9 6.6 1000
4V6X.223.loop.full 0 4 5 0 0 1 3 0 0 1 0 0 0 0 0 0 0 2 2 0 0 0 0 0 4 5 -1.5 6.3 6.0 -2.5 0110
4V6X.269.loop.full 3 4 2 1 2 1 1 0 1 2 0 1 0 0 1 0 0 1 0 0 2 1 1 2 3 4 6.6 6.3 6.9 0.6 1000
4V6X.284.loop.full 2 0 1 2 1 0 0 1 1 0 1 1 0 0 0 0 0 0 0 0 1 0 0 1 2 2 6.9 0 0.6 6.9 0110
4V65.66.loop.full 6 19 22 7 0 3 6 0 2 6 3 2 2 2 4 2 2 8 9 3 6 7 6 7 19 22 5.7 7.0 7.1 5.9 0010
4V8D.14.loop.full 10 15 6 3 4 3 3 1 0 4 0 0 1 6 1 0 5 2 2 2 6 3 3 6 10 15 6.3 6.7 5.7 6.6 0001
4V8D.198.loop.full 2 1 21 11 0 0 6 0 2 0 6 2 0 0 5 4 0 1 4 5 2 1 1 2 11 21 6.9 1.0 7.1 6.4 0100
4V8D.450.loop.full 3 3 2 3 1 2 1 1 1 0 0 1 1 1 0 1 0 0 1 0 2 3 2 3 3 3 6.6 6.6 6.9 6.6 1000
4V8D.487.loop.full 2 1 3 1 0 1 2 0 0 0 0 0 0 0 0 0 2 0 1 1 2 1 1 1 2 3 6.9 1.1 6.6 0.6 0010
4V7M.14.loop.full 2 4 3 2 1 1 3 1 0 2 0 0 0 0 0 0 1 1 0 1 2 2 2 2 3 4 6.9 6.3 6.6 6.9 0110
4V7M.194.loop.full 2 1 21 11 0 0 6 0 2 0 6 2 0 0 5 4 0 1 4 5 2 1 1 2 11 21 6.9 1.0 7.1 6.4 0100
4V5A.127.loop.full 5 0 3 1 3 0 0 0 1 0 0 0 0 0 2 0 1 0 1 1 3 0 0 1 3 5 6.0 -2.1 6.6 0.6 0100
4V5A.195.loop.full 4 22 25 3 0 3 7 0 0 6 5 0 0 9 4 0 4 4 9 3 4 3 3 4 22 25 6.3 7.1 7.3 6.6 0110
4V5A.367.loop.full 2 3 23 11 0 0 6 0 2 0 7 2 0 1 5 4 0 2 5 5 2 3 2 3 11 23 6.9 6.6 7.2 6.4 0100
4V5A.403.loop.full 4 22 25 3 0 3 7 0 0 6 5 0 0 9 4 0 4 4 9 3 4 3 3 4 22 25 6.3 7.1 7.3 6.6 0110
3J7R.158.loop.full 4 2 1 2 2 0 0 1 2 2 1 1 0 0 0 0 0 0 0 0 1 2 1 2 2 4 6.3 6.9 0.6 6.9 0110
4V6N.77.loop.full 3 4 4 10 0 1 0 1 2 1 2 3 0 0 0 3 1 2 2 3 3 4 3 4 4 10 6.6 6.3 6.3 6.3 0010
4V6N.87.loop.full 1 1 4 5 0 0 1 0 0 1 0 0 0 0 1 2 1 0 2 3 1 1 1 1 4 5 0.7 1.1 6.3 6.0 0110
4V6N.104.loop.full 3 3 3 4 1 2 1 1 1 0 0 1 1 1 1 1 0 0 1 1 3 3 3 3 3 4 6.6 6.6 6.6 6.3 1100
4V6N.144.loop.full 4 5 5 1 0 1 2 0 1 0 0 0 1 1 1 0 2 3 2 1 4 1 1 4 5 5 6.3 6.0 6.0 1.1 0110
4V6N.168.loop.full 13 8 6 11 2 3 3 2 3 1 0 3 2 2 2 2 6 2 1 4 6 8 6 8 11 13 6.6 6.0 5.7 6.4 0100
4V4R.140.loop.full 5 0 3 1 3 0 0 0 1 0 0 0 0 0 2 0 1 0 1 1 3 0 0 1 3 5 6.0 -2.1 6.6 0.6 0100
4V4R.163.loop.full 3 3 2 3 1 2 1 1 1 0 0 1 1 1 0 1 0 0 1 0 2 3 2 3 3 3 6.6 6.6 6.9 6.6 1000
4V4R.168.loop.full 2 0 20 11 0 0 6 0 2 0 6 3 0 0 4 3 0 0 4 5 2 0 0 2 11 20 6.9 -3.4 7.0 6.4 0011
4V4R.199.loop.full 9 17 18 13 1 2 4 1 1 5 3 3 0 7 3 2 7 3 8 7 9 13 9 13 17 18 6.1 6.8 6.9 6.6 0110
3AKZ.2.loop.full 2 1 4 0 0 0 0 0 1 0 2 0 1 0 0 0 0 1 2 0 2 0 0 1 2 4 6.9 1.0 6.3 -3.3 0100
3AKZ.14.loop.full 2 1 4 0 0 0 0 0 1 0 2 0 1 0 0 0 0 1 2 0 2 0 0 1 2 4 6.9 1.0 6.3 -3.3 0100
4V8P.108.loop.full 0 4 5 0 0 2 2 0 0 2 0 0 0 0 1 0 0 0 2 0 0 0 0 0 4 5 -1.5 6.3 6.0 -2.5 0110
4V8P.123.loop.full 3 3 3 4 1 3 1 1 1 0 1 1 1 0 0 1 0 0 1 1 3 3 3 3 3 4 6.6 6.6 6.6 6.3 1100
4V8P.321.loop.full 0 4 5 0 0 2 2 0 0 2 0 0 0 0 1 0 0 0 2 0 0 0 0 0 4 5 -1.5 6.3 6.0 -2.5 0110
4V8P.336.loop.full 3 3 3 4 1 3 1 1 1 0 1 1 1 0 0 1 0 0 1 1 3 3 3 3 3 4 6.6 6.6 6.6 6.3 1100
4V8P.504.loop.full 3 4 0 6 0 1 0 1 2 2 0 2 0 0 0 2 1 1 0 1 0 4 0 3 4 6 6.6 6.3 -2.1 5.7 0011
4V8P.540.loop.full 2 0 20 11 0 0 6 1 1 0 5 1 1 0 5 3 0 0 4 6 2 0 0 2 11 20 6.9 -3.4 7.0 6.4 0100
4W2G.13.loop.full 1 4 4 2 1 1 3 1 0 2 0 0 0 0 0 0 0 1 1 1 1 2 1 2 4 4 0.8 6.3 6.3 6.9 0110
4W2G.199.loop.full 2 1 21 11 0 0 6 0 2 0 6 2 0 0 5 4 0 1 4 5 2 1 1 2 11 21 6.9 1.0 7.1 6.4 0100
4W2G.430.loop.full 1 0 6 8 1 0 2 1 0 0 0 0 0 0 1 4 0 0 3 3 1 0 0 1 6 8 0.6 -3.3 5.7 6.0 0100
4W2G.446.loop.full 3 3 2 3 1 2 1 1 1 0 0 1 1 1 0 1 0 0 1 0 2 3 2 3 3 3 6.6 6.6 6.9 6.6 1000
4W2H.193.loop.full 2 0 20 11 0 0 6 0 2 0 6 2 0 0 4 4 0 0 4 5 2 0 0 2 11 20 6.9 -3.4 7.0 6.4 0100
4W2H.420.loop.full 1 1 6 7 1 0 2 1 0 0 0 0 0 1 0 4 0 0 4 2 1 1 1 1 6 7 0.6 1.1 5.7 5.9 0100
4W2H.437.loop.full 3 3 2 3 1 2 1 1 1 0 0 1 1 1 0 1 0 0 1 0 2 3 2 3 3 3 6.6 6.6 6.9 6.6 1000
4V7W.174.loop.full 2 0 20 11 0 0 6 0 2 0 6 2 0 0 4 4 0 0 4 5 2 0 0 2 11 20 6.9 -3.4 7.0 6.4 0100
4V7W.398.loop.full 3 3 2 3 1 2 1 1 1 0 0 1 1 1 0 1 0 0 1 0 2 3 2 3 3 3 6.6 6.6 6.9 6.6 1000
3J7P.158.loop.full 4 2 1 2 2 0 0 1 2 2 1 1 0 0 0 0 0 0 0 0 1 2 1 2 2 4 6.3 6.9 0.6 6.9 0110
4V6U.173.loop.full 3 4 0 6 0 1 0 1 2 2 0 2 0 0 0 2 1 1 0 1 0 4 0 3 4 6 6.6 6.3 -2.2 5.7 0010
4V6U.184.loop.full 11 4 7 13 2 2 2 2 1 1 1 1 1 1 1 3 7 0 3 7 7 4 4 7 11 13 6.4 6.3 5.9 6.6 0110
4V6U.198.loop.full 3 3 3 4 1 2 1 1 1 0 0 1 1 1 1 1 0 0 1 1 3 3 3 3 3 4 6.6 6.6 6.6 6.3 1100
4V6U.234.loop.full 2 0 2 1 2 0 1 1 0 0 0 0 0 0 0 0 0 0 1 0 2 0 0 1 2 2 6.9 -3.3 6.9 1.1 0110
4V6O.14.loop.full 4 9 6 2 1 3 3 1 0 1 0 0 0 3 2 0 3 2 1 1 4 2 2 4 6 9 6.3 6.1 5.7 6.9 0100
4V6O.183.loop.full 3 4 0 6 0 1 0 0 2 1 0 3 0 0 0 2 1 2 0 1 0 4 0 3 4 6 6.6 6.3 -2.2 5.7 0010
4V6O.194.loop.full 0 0 4 5 0 0 1 0 0 0 0 0 0 0 1 2 0 0 2 3 0 0 0 0 4 5 0 -2.5 6.3 6.0 0110
4V6O.211.loop.full 3 3 3 4 1 2 1 1 1 0 0 1 1 1 1 1 0 0 1 1 3 3 3 3 3 4 6.6 6.6 6.6 6.3 1100
4V7B.14.loop.full 3 7 4 1 1 3 3 1 0 1 0 0 0 2 1 0 2 1 0 0 3 1 1 3 4 7 6.6 5.9 6.3 1.1 0110
4V7B.195.loop.full 0 4 8 4 0 2 3 0 0 2 1 0 0 0 1 2 0 0 3 2 0 4 0 4 4 8 0 6.3 6.0 6.3 0110
4V7B.209.loop.full 5 3 2 6 2 2 1 2 1 0 0 1 2 1 0 2 0 0 1 1 2 3 2 3 5 6 6.0 6.6 6.9 5.7 1100
1M5O.2.loop.full 3 0 0 3 1 0 0 1 0 0 0 0 2 0 0 2 0 0 0 0 0 0 0 0 3 3 6.6 -2.1 -2.2 6.6 0010
1M5O.7.loop.full 0 0 0 0 0 0 0 0 0 0 0 0 0 0 0 0 0 0 0 0 0 0 0 0 0 0 0 -2.1 -2.2 -2.2 0010
3EPH.2.loop.full 2 1 5 0 0 1 0 0 1 0 2 0 0 0 1 0 1 0 2 0 2 0 0 1 2 5 6.9 1.0 6.0 -2.1 0100
3EPH.6.loop.full 4 1 5 2 1 1 0 1 2 0 2 1 0 0 1 0 1 0 2 0 4 1 1 2 4 5 6.3 1.0 6.0 6.9 0100
4V7R.37.loop.full 7 6 17 6 5 4 6 5 0 0 4 0 1 1 5 0 1 1 2 1 7 6 6 6 7 17 5.9 5.7 6.8 5.7 0001
4V7R.180.loop.full 3 4 0 6 0 1 0 1 2 2 0 2 0 0 0 2 1 1 0 1 0 4 0 3 4 6 6.6 6.3 -2.2 5.7 0010
4V7R.257.loop.full 3 2 1 1 2 0 0 1 1 2 0 0 0 0 1 0 0 0 0 0 1 1 1 1 2 3 6.6 6.9 0.6 1.3 0110
4V7R.328.loop.full 7 6 17 6 5 4 6 5 0 0 4 0 1 1 5 0 1 1 2 1 7 6 6 6 7 17 5.9 5.7 6.8 5.7 0001
4V88.35.loop.full 7 6 18 8 5 4 7 5 0 0 4 1 1 1 5 1 1 1 2 1 7 6 6 7 8 18 5.9 5.7 6.9 6.0 0001
4V88.143.loop.full 2 18 1 4 1 8 0 1 0 4 0 1 0 1 0 0 1 5 1 2 1 4 1 2 4 18 6.9 6.9 0.6 6.3 0010
4V88.189.loop.full 3 4 0 6 0 1 0 1 2 2 0 2 0 0 0 2 1 1 0 1 0 4 0 3 4 6 6.6 6.3 -2.2 5.7 0010
4V88.328.loop.full 7 6 18 8 5 4 7 5 0 0 4 1 1 1 5 1 1 1 2 1 7 6 6 7 8 18 5.9 5.7 6.9 6.0 0001
4V88.429.loop.full 2 18 1 4 1 8 0 1 0 4 0 1 0 1 0 0 1 5 1 2 1 4 1 2 4 18 6.9 6.9 0.6 6.3 0010
4WPO.107.loop.full 2 0 20 11 0 0 6 0 2 0 6 2 0 0 4 4 0 0 4 5 2 0 0 2 11 20 6.9 -3.4 7.0 6.4 0100
4WPO.178.loop.full 3 6 3 1 1 1 3 1 0 2 0 0 0 2 0 0 2 1 0 0 3 1 1 3 3 6 6.6 5.7 6.6 0.6 0100
4WPO.341.loop.full 1 1 5 6 1 0 2 1 0 0 0 0 0 1 0 3 0 0 3 2 1 1 1 1 5 6 0.6 1.1 6.0 5.7 0100
4WPO.356.loop.full 3 3 2 3 1 2 1 1 1 0 0 1 1 1 0 1 0 0 1 0 2 3 2 3 3 3 6.6 6.6 6.9 6.6 1000
4V5C.192.loop.full 3 3 2 3 1 2 1 1 1 0 0 1 1 1 0 1 0 0 1 0 2 3 2 3 3 3 6.6 6.6 6.9 6.6 1000
4V5C.263.loop.full 1 4 3 1 1 1 3 1 0 2 0 0 0 0 0 0 0 1 0 0 1 1 1 1 3 4 0.8 6.3 6.6 0.6 0110
4V5C.331.loop.full 2 2 8 2 0 0 2 0 1 1 2 1 0 0 1 0 1 1 3 1 2 2 2 2 2 8 6.9 6.9 6.0 6.9 0100
4V5C.336.loop.full 2 1 6 1 1 1 0 0 1 0 2 1 0 0 2 0 0 0 2 0 2 1 1 1 2 6 6.9 1.0 5.7 1.4 0010
4V5C.444.loop.full 2 1 21 11 0 0 6 0 2 0 6 2 0 0 5 4 0 1 4 5 2 1 1 2 11 21 6.9 1.0 7.1 6.4 0100
4Y4P.301.loop.full 2 13 5 4 1 5 2 1 0 1 0 0 0 2 1 1 1 5 2 2 2 4 2 4 5 13 6.9 6.6 6.0 6.3 0100
4Y4P.346.loop.full 1 1 7 8 1 0 2 1 0 0 0 0 0 1 1 4 0 0 4 3 1 1 1 1 7 8 0.6 1.1 5.9 6.0 0100
4Y4P.362.loop.full 3 3 2 3 1 2 1 1 1 0 0 1 1 1 0 1 0 0 1 0 2 3 2 3 3 3 6.6 6.6 6.9 6.6 1000
4V7K.157.loop.full 5 0 3 1 3 0 0 0 1 0 0 0 0 0 2 0 1 0 1 1 3 0 0 1 3 5 6.0 -2.1 6.6 0.6 0100
4V7K.187.loop.full 3 3 2 3 1 2 1 1 1 0 0 1 1 1 0 1 0 0 1 0 2 3 2 3 3 3 6.6 6.6 6.9 6.6 1000
4V7K.222.loop.full 4 3 3 1 0 1 2 0 1 0 0 0 1 0 0 0 2 2 1 1 3 1 1 3 3 4 6.3 6.6 6.6 0.6 0010
4V7K.255.loop.full 1 4 5 3 1 1 3 1 0 2 0 0 0 0 0 0 0 1 2 2 1 3 1 3 4 5 0.8 6.3 6.0 6.6 0110
4V7K.424.loop.full 2 1 21 11 0 0 6 0 2 0 6 2 0 0 5 4 0 1 4 5 2 1 1 2 11 21 6.9 1.0 7.1 6.4 0100
4V7K.460.loop.full 4 3 3 1 0 1 2 0 1 0 0 0 1 0 0 0 2 2 1 1 3 1 1 3 3 4 6.3 6.6 6.6 0.6 0110
4V7P.162.loop.full 5 0 3 1 3 0 0 0 1 0 0 0 0 0 2 0 1 0 1 1 3 0 0 1 3 5 6.0 -2.1 6.6 0.6 0100
4V7P.193.loop.full 3 3 3 4 1 2 1 1 1 0 0 1 1 1 1 1 0 0 1 1 3 3 3 3 3 4 6.6 6.6 6.6 6.3 1000
4V7P.364.loop.full 2 2 22 11 0 0 6 0 2 0 7 2 0 0 5 4 0 2 4 5 2 2 2 2 11 22 6.9 6.9 7.1 6.4 0100
4V7P.438.loop.full 1 4 3 1 1 1 3 1 0 2 0 0 0 0 0 0 0 1 0 0 1 1 1 1 3 4 0.8 6.3 6.6 0.6 0100
4V9K.60.loop.full 6 25 15 25 2 8 3 8 4 5 3 6 0 7 4 6 0 5 5 5 6 25 6 15 25 25 5.7 7.3 6.7 7.3 0100
4V9K.194.loop.full 2 2 22 11 0 0 6 0 2 0 7 2 0 0 5 4 0 2 4 5 2 2 2 2 11 22 6.9 6.9 7.1 6.4 0100
4V9K.414.loop.full 3 4 0 6 0 1 0 0 2 2 0 3 0 0 0 2 1 1 0 1 0 4 0 3 4 6 6.6 6.3 -3.3 5.7 0010
4V9K.436.loop.full 16 1 13 6 4 0 4 2 4 1 1 1 3 0 3 2 5 0 5 1 13 1 1 6 13 16 6.8 1.1 6.6 5.7 1000
4V9K.442.loop.full 3 3 2 3 1 2 1 1 1 0 0 1 1 1 0 1 0 0 1 0 2 3 2 3 3 3 6.6 6.6 6.9 6.6 1100
4V8M.84.loop.full 3 4 0 6 1 0 0 1 2 2 0 3 0 0 0 1 0 2 0 1 0 4 0 3 4 6 6.6 6.3 -0.9 5.7 0010
4V8M.120.loop.full 3 6 6 4 1 2 2 1 1 2 2 1 1 0 1 1 0 2 1 1 3 4 3 4 6 6 6.6 5.7 5.7 6.3 1100
4V8M.190.loop.full 11 5 7 10 1 2 5 1 2 1 1 2 6 2 0 6 2 0 1 1 7 5 5 7 10 11 6.4 6.0 5.9 6.3 0110
4V8M.200.loop.full 5 3 1 2 3 0 0 2 1 1 0 0 0 1 0 0 1 1 1 0 1 2 1 2 3 5 6.0 6.6 0.6 6.9 0110
4V8M.217.loop.full 7 8 11 0 3 2 2 0 3 2 2 0 1 4 1 0 0 0 6 0 7 0 0 7 8 11 5.9 6.0 6.4 -2.4 0010
4V6W.149.loop.full 2 21 1 4 2 9 0 2 0 8 0 1 0 2 0 0 0 2 1 1 1 4 1 2 4 21 6.9 7.1 0.6 6.3 0010
4V6W.195.loop.full 3 4 0 6 0 1 0 0 2 2 0 3 0 0 0 1 1 1 0 2 0 4 0 3 4 6 6.6 6.3 -2.2 5.7 0010
4V6W.210.loop.full 7 6 6 6 2 1 3 1 2 4 0 2 1 0 0 1 2 1 3 2 6 6 6 6 6 7 5.9 5.7 5.7 5.7 0110
4V6W.226.loop.full 3 3 3 4 1 3 1 1 1 0 1 1 1 0 0 1 0 0 1 1 3 3 3 3 3 4 6.6 6.6 6.6 6.3 1100
4V6W.273.loop.full 1 0 2 2 1 0 0 1 0 0 2 1 0 0 0 0 0 0 0 0 1 0 0 1 2 2 0.6 0 6.9 6.9 0110
3J78.33.loop.full 7 8 20 8 5 4 8 5 0 1 4 1 1 1 6 1 1 2 2 1 7 8 7 8 8 20 5.9 6.0 7.0 6.0 0100
4V6I.159.loop.full 3 4 0 6 0 1 0 1 2 2 0 2 0 0 0 2 1 1 0 1 0 4 0 3 4 6 6.6 6.3 -2.2 5.7 0010
4V6I.171.loop.full 7 0 0 10 0 0 0 1 1 0 0 1 3 0 0 3 3 0 0 5 0 0 0 0 7 10 5.9 -2.4 -0.6 6.3 0110
4V6I.194.loop.full 3 3 3 4 1 2 1 1 1 1 1 1 1 0 0 1 0 0 1 1 3 3 3 3 3 4 6.6 6.6 6.6 6.3 1100
4V69.17.loop.full 3 7 5 2 1 3 3 1 0 1 0 0 0 2 1 0 2 1 1 1 3 2 2 3 5 7 6.6 5.9 6.0 6.9 0110
4V69.98.loop.full 2 2 6 0 1 0 1 0 1 0 1 0 0 1 1 0 0 1 3 0 2 0 0 2 2 6 6.9 6.9 5.7 -2.1 0100
4V69.184.loop.full 3 4 0 6 0 1 0 0 2 1 0 3 0 0 0 2 1 2 0 1 0 4 0 3 4 6 6.6 6.3 -2.2 5.7 0010
4V69.197.loop.full 0 0 3 4 0 0 1 0 0 0 0 0 0 0 1 2 0 0 1 2 0 0 0 0 3 4 0 -2.5 6.6 6.3 0110
4V69.214.loop.full 3 3 2 3 1 2 1 1 1 0 0 1 1 1 0 1 0 0 1 0 2 3 2 3 3 3 6.6 6.6 6.9 6.6 1100
4V69.262.loop.full 2 1 3 1 0 1 2 0 0 0 0 0 0 0 0 0 2 0 1 1 2 1 1 1 2 3 6.9 1.1 6.6 1.1 0110
5AFI.201.loop.full 3 3 2 3 1 2 1 1 1 0 0 1 1 1 0 1 0 0 1 0 2 3 2 3 3 3 6.6 6.6 6.9 6.6 1100
4V7A.174.loop.full 3 4 0 6 0 1 0 0 2 1 0 3 0 0 0 2 1 2 0 1 0 4 0 3 4 6 6.6 6.3 -2.2 5.7 0010
4V7A.188.loop.full 0 0 3 4 0 0 1 0 0 0 0 0 0 0 1 2 0 0 1 2 0 0 0 0 3 4 0 -2.5 6.6 6.3 0110
4V7A.204.loop.full 5 3 2 6 2 2 1 2 1 0 0 1 2 1 0 2 0 0 1 1 2 3 2 3 5 6 6.0 6.6 6.9 5.7 1100
4V4V.12.loop.full 3 7 4 1 1 3 3 1 0 1 0 0 0 2 1 0 2 1 0 0 3 1 1 3 4 7 6.6 5.9 6.3 1.1 0100
4V4V.156.loop.full 3 4 0 6 0 1 0 0 2 1 0 3 0 0 0 2 1 2 0 1 0 4 0 3 4 6 6.6 6.3 -2.2 5.7 0010
4V4V.167.loop.full 3 4 6 5 1 0 1 1 1 2 1 1 0 0 1 2 1 2 3 1 3 4 3 4 5 6 6.6 6.3 5.7 6.0 0010
4V4V.179.loop.full 3 3 3 4 1 2 1 1 1 0 0 1 1 1 1 1 0 0 1 1 3 3 3 3 3 4 6.6 6.6 6.6 6.3 1100
4V4V.218.loop.full 2 4 5 1 0 1 1 0 0 0 0 0 0 2 1 0 2 1 3 1 2 1 1 2 4 5 6.9 6.3 6.0 1.1 0110
4V61.149.loop.full 1 5 9 5 0 2 3 1 0 2 1 0 0 1 2 2 1 0 3 2 1 5 1 5 5 9 1.3 6.0 6.1 6.0 0110
4V4B.163.loop.full 3 4 0 6 0 1 0 0 2 2 0 3 0 0 0 2 1 1 0 1 0 4 0 3 4 6 6.6 6.3 -3.4 5.7 0010
4V4B.187.loop.full 3 3 3 4 1 2 2 1 1 1 0 1 1 0 0 1 0 0 1 1 3 3 3 3 3 4 6.6 6.6 6.6 6.3 1100
4V4B.228.loop.full 2 0 2 1 2 0 1 1 0 0 0 0 0 0 1 0 0 0 0 0 2 0 0 1 2 2 6.9 -1.4 6.9 0.6 0110
3J79.90.loop.full 3 4 0 6 0 1 0 0 2 2 0 4 0 0 0 1 1 1 0 1 0 4 0 3 4 6 6.6 6.3 -3.4 5.7 0010
3J79.167.loop.full 2 0 2 3 1 0 0 2 1 0 2 1 0 0 0 0 0 0 0 0 2 0 0 2 2 3 6.9 0 6.9 6.6 0110
4KR3.2.loop.full 2 0 3 0 0 0 1 0 1 0 0 0 0 0 1 0 1 0 1 0 2 0 0 0 2 3 6.9 -1.4 6.6 -3.3 0100
4V8F.107.loop.full 2 1 21 11 0 0 6 0 2 0 6 2 0 0 5 4 0 1 4 5 2 1 1 2 11 21 6.9 1.0 7.1 6.4 0100
4V8F.147.loop.full 2 1 3 1 0 1 2 0 0 0 0 0 0 0 0 0 2 0 1 1 2 1 1 1 2 3 6.9 1.1 6.6 0.6 0110
4V8F.180.loop.full 3 6 5 3 1 1 3 1 0 2 0 0 0 2 0 0 2 1 2 2 3 3 3 3 5 6 6.6 5.7 6.0 6.6 0011
4V8F.430.loop.full 5 0 3 1 3 0 0 0 1 0 0 0 0 0 2 0 1 0 1 1 3 0 0 1 3 5 6.0 -2.1 6.6 0.6 0100
4V8F.445.loop.full 1 1 5 6 1 0 2 1 0 0 0 0 0 1 0 3 0 0 3 2 1 1 1 1 5 6 0.6 1.1 6.0 5.7 0100
4V8F.460.loop.full 3 3 2 3 1 2 1 1 1 0 0 1 1 1 0 1 0 0 1 0 2 3 2 3 3 3 6.6 6.6 6.9 6.6 1000
4V8F.500.loop.full 4 3 3 1 0 1 2 0 1 0 0 0 1 0 0 0 2 2 1 1 3 1 1 3 3 4 6.3 6.6 6.6 0.6 0010
4V8C.111.loop.full 2 1 21 11 0 0 6 0 2 0 6 2 0 0 5 4 0 1 4 5 2 1 1 2 11 21 6.9 1.0 7.1 6.4 0100
4V8C.151.loop.full 5 3 3 2 0 1 2 0 1 0 0 0 1 0 0 0 3 2 1 2 3 2 2 3 3 5 6.0 6.6 6.6 6.9 0110
4V8C.256.loop.full 1 0 4 6 1 0 2 1 0 0 0 0 0 0 0 3 0 0 2 2 1 0 0 1 4 6 0.6 -3.3 6.3 5.7 0100
4V8C.271.loop.full 3 3 2 3 1 2 1 1 1 0 0 1 1 1 0 1 0 0 1 0 2 3 2 3 3 3 6.6 6.6 6.9 6.6 1000
4V8C.314.loop.full 2 1 3 1 0 1 2 0 0 0 0 0 0 0 0 0 2 0 1 1 2 1 1 1 2 3 6.9 1.1 6.6 0.6 0010
4V8C.347.loop.full 10 16 7 3 4 3 3 1 0 4 0 0 1 6 2 0 5 3 2 2 7 3 3 7 10 16 6.3 6.8 5.9 6.6 0001
4V63.170.loop.full 5 0 10 5 3 0 3 3 1 0 0 1 0 0 2 0 1 0 5 1 5 0 0 5 5 10 6.0 -2.1 6.3 6.0 0100
4V63.275.loop.full 1 4 3 1 1 1 3 1 0 2 0 0 0 0 0 0 0 1 0 0 1 1 1 1 3 4 0.8 6.3 6.6 0.6 0100
4V63.470.loop.full 2 0 20 11 0 0 6 0 2 0 6 2 0 0 4 4 0 0 4 5 2 0 0 2 11 20 6.9 -3.4 7.0 6.4 0100
4V97.161.loop.full 5 0 3 1 3 0 0 0 1 0 0 0 0 0 2 0 1 0 1 1 3 0 0 1 3 5 6.0 -2.1 6.6 0.6 0100
4V97.175.loop.full 1 0 4 6 1 0 2 1 0 0 0 0 0 0 0 3 0 0 2 2 1 0 0 1 4 6 0.6 -3.3 6.3 5.7 0100
4V97.190.loop.full 3 3 2 3 1 2 1 1 1 0 0 1 1 1 0 1 0 0 1 0 2 3 2 3 3 3 6.6 6.6 6.9 6.6 1000
4V97.228.loop.full 4 3 3 1 0 1 2 0 1 0 0 0 1 0 0 0 2 2 1 1 3 1 1 3 3 4 6.3 6.6 6.6 0.6 0010
4V97.259.loop.full 4 6 3 2 1 1 3 1 0 2 0 0 0 2 0 0 3 1 0 1 3 2 2 3 4 6 6.3 5.7 6.6 6.9 0110
4V97.443.loop.full 2 1 21 11 0 0 6 0 2 0 6 2 0 0 5 4 0 1 4 5 2 1 1 2 11 21 6.9 1.0 7.1 6.4 0100
4TUC.171.loop.full 5 0 3 1 3 0 0 0 1 0 0 0 0 0 2 0 1 0 1 1 3 0 0 1 3 5 6.0 -2.1 6.6 0.6 0100
4TUC.204.loop.full 3 3 2 3 1 2 1 1 1 0 0 1 1 1 0 1 0 0 1 0 2 3 2 3 3 3 6.6 6.6 6.9 6.6 1000
4TUC.240.loop.full 2 1 3 1 0 1 2 0 0 0 0 0 0 0 0 0 2 0 1 1 2 1 1 1 2 3 6.9 1.1 6.6 0.6 0010
4TUC.273.loop.full 2 4 3 2 1 1 3 1 0 2 0 0 0 0 0 0 1 1 0 1 2 2 2 2 3 4 6.9 6.3 6.6 6.9 0100
4TUC.457.loop.full 2 1 21 11 0 0 6 0 2 0 6 2 0 0 5 4 0 1 4 5 2 1 1 2 11 21 6.9 1.0 7.1 6.4 0100
4V8J.191.loop.full 3 3 2 3 1 2 1 1 1 0 0 1 1 1 0 1 0 0 1 0 2 3 2 3 3 3 6.6 6.6 6.9 6.6 1000
4V8J.264.loop.full 1 4 3 1 1 1 3 1 0 2 0 0 0 0 0 0 0 1 0 0 1 1 1 1 3 4 0.8 6.3 6.6 0.6 0110
4V8J.444.loop.full 2 1 21 11 0 0 6 0 2 0 6 2 0 0 5 4 0 1 4 5 2 1 1 2 11 21 6.9 1.0 7.1 6.4 0100
4P70.155.loop.full 6 1 3 1 4 0 0 0 1 1 0 0 0 0 2 0 1 0 1 1 3 1 1 1 3 6 5.7 0.6 6.6 0.6 0100
4P70.184.loop.full 3 3 2 3 1 2 1 1 1 0 0 1 1 1 0 1 0 0 1 0 2 3 2 3 3 3 6.6 6.6 6.9 6.6 1000
4P70.225.loop.full 5 3 3 2 0 1 2 0 1 0 0 0 1 0 0 0 3 2 1 2 3 2 2 3 3 5 6.0 6.6 6.6 6.9 0010
4P70.445.loop.full 2 2 22 11 0 0 6 0 2 0 7 2 0 0 5 4 0 2 4 5 2 2 2 2 11 22 6.9 6.9 7.1 6.4 0100
4P70.485.loop.full 4 3 3 1 0 1 2 0 1 0 0 0 1 0 0 0 2 2 1 1 3 1 1 3 3 4 6.3 6.6 6.6 0.6 0110
4ZER.178.loop.full 1 4 4 2 1 1 3 1 0 2 0 0 0 0 0 0 0 1 1 1 1 2 1 2 4 4 0.8 6.3 6.3 6.9 0110
4ZER.330.loop.full 5 0 3 1 3 0 0 0 1 0 0 0 0 0 2 0 1 0 1 1 3 0 0 1 3 5 6.0 -2.1 6.6 0.6 0100
4ZER.344.loop.full 1 1 5 6 1 0 2 1 0 0 0 0 0 1 0 3 0 0 3 2 1 1 1 1 5 6 0.6 1.1 6.0 5.7 0100
4ZER.359.loop.full 3 3 2 3 1 2 1 1 1 0 0 1 1 1 0 1 0 0 1 0 2 3 2 3 3 3 6.6 6.6 6.9 6.6 1000
4ZER.400.loop.full 4 3 3 1 0 1 2 0 1 0 0 0 1 0 0 0 2 2 1 1 3 1 1 3 3 4 6.3 6.6 6.6 0.6 0010
4YBB.15.loop.full 3 7 4 1 1 3 3 1 0 1 0 0 0 2 1 0 2 1 0 0 3 1 1 3 4 7 6.6 5.9 6.3 1.1 0100
4YBB.268.loop.full 1 6 9 4 0 2 3 0 0 3 2 0 0 0 1 2 1 1 3 2 1 4 1 4 6 9 0.7 5.7 6.1 6.3 0010
4YBB.284.loop.full 3 3 2 3 1 2 1 1 1 0 0 1 1 1 0 1 0 0 1 0 2 3 2 3 3 3 6.6 6.6 6.9 6.6 1000
4Y4O.348.loop.full 1 0 4 6 1 0 2 1 0 0 0 0 0 0 0 3 0 0 2 2 1 0 0 1 4 6 0.6 -3.3 6.3 5.7 0100
4Y4O.364.loop.full 3 3 2 3 1 2 1 1 1 0 0 1 1 1 0 1 0 0 1 0 2 3 2 3 3 3 6.6 6.6 6.9 6.6 1000
4V8H.12.loop.full 4 7 3 1 1 1 3 1 0 2 0 0 0 3 0 0 3 1 0 0 3 1 1 3 4 7 6.3 5.9 6.6 0.6 0110
4V8H.194.loop.full 2 0 20 11 0 0 6 0 2 0 6 2 0 0 4 4 0 0 4 5 2 0 0 2 11 20 6.9 -3.4 7.0 6.4 0100
4V8H.410.loop.full 5 0 2 0 3 0 0 0 1 0 0 0 0 0 1 0 1 0 1 0 2 0 0 0 2 5 6.0 -2.1 6.9 -2.4 0100
4V8H.425.loop.full 1 1 5 6 1 0 2 1 0 0 0 0 0 1 0 3 0 0 3 2 1 1 1 1 5 6 0.6 1.1 6.0 5.7 0100
4V8H.439.loop.full 3 3 2 3 1 2 1 1 1 0 0 1 1 1 0 1 0 0 1 0 2 3 2 3 3 3 6.6 6.6 6.9 6.6 1000
4V8G.16.loop.full 1 4 4 2 1 1 3 1 0 2 0 0 0 0 0 0 0 1 1 1 1 2 1 2 4 4 0.8 6.3 6.3 6.9 0110
4V8G.189.loop.full 2 0 20 11 0 0 6 0 2 0 6 2 0 0 4 4 0 0 4 5 2 0 0 2 11 20 6.9 -3.4 7.0 6.4 0100
4V8G.419.loop.full 2 2 5 6 1 0 2 1 0 0 0 0 1 1 0 3 0 1 3 2 2 2 2 2 5 6 6.9 6.9 6.0 5.7 0100
4V8G.436.loop.full 3 3 2 3 1 2 1 1 1 0 0 1 1 1 0 1 0 0 1 0 2 3 2 3 3 3 6.6 6.6 6.9 6.6 1000
4V9R.10.loop.full 2 4 4 3 1 1 3 1 0 2 0 0 0 0 0 0 1 1 1 2 2 3 2 3 4 4 6.9 6.3 6.3 6.6 0110
4V9R.188.loop.full 2 0 20 11 0 0 6 0 2 0 6 2 0 0 4 4 0 0 4 5 2 0 0 2 11 20 6.9 -3.4 7.0 6.4 0100
4V9R.414.loop.full 1 1 5 6 1 0 2 1 0 0 0 0 0 1 0 3 0 0 3 2 1 1 1 1 5 6 0.6 1.1 6.0 5.7 0100
4V9R.431.loop.full 3 3 2 3 1 2 1 1 1 0 0 1 1 1 0 1 0 0 1 0 2 3 2 3 3 3 6.6 6.6 6.9 6.6 1000
4V83.186.loop.full 3 3 2 3 1 2 1 1 1 0 0 1 1 1 0 1 0 0 1 0 2 3 2 3 3 3 6.6 6.6 6.9 6.6 1000
4V83.263.loop.full 1 4 3 1 1 1 3 1 0 2 0 0 0 0 0 0 0 1 0 0 1 1 1 1 3 4 0.8 6.3 6.6 0.6 0100
4V83.440.loop.full 2 1 21 11 0 0 6 0 2 0 6 2 0 0 5 4 0 1 4 5 2 1 1 2 11 21 6.9 1.0 7.1 6.4 0100
4UJD.82.loop.full 3 4 0 6 0 1 0 1 2 1 0 2 0 1 0 2 1 1 0 1 0 4 0 3 4 6 6.6 6.3 -1.4 5.7 0010
4UJD.94.loop.full 11 16 17 13 1 3 3 2 0 2 3 0 4 2 5 4 6 9 6 7 11 13 11 13 16 17 6.4 6.8 6.8 6.6 0110
3J6X.127.loop.full 2 2 22 11 0 0 6 0 1 0 6 1 1 0 6 4 0 2 4 6 2 2 2 2 11 22 6.9 6.9 7.1 6.4 0100
3J6X.226.loop.full 5 6 20 8 5 3 8 5 0 1 4 1 0 0 6 1 0 2 2 1 5 6 5 6 8 20 6.0 5.7 7.0 6.0 0100
4V6T.177.loop.full 3 4 0 6 0 1 0 0 2 1 0 3 0 0 0 2 1 2 0 1 0 4 0 3 4 6 6.6 6.3 -2.2 5.7 0010
4V6T.190.loop.full 1 5 10 6 0 2 3 0 0 3 1 0 0 0 1 2 1 0 5 4 1 5 1 5 6 10 0.7 6.0 6.3 5.7 0110
4V6T.205.loop.full 3 3 2 3 1 2 1 1 1 0 0 1 1 1 0 1 0 0 1 0 2 3 2 3 3 3 6.6 6.6 6.9 6.6 1100
4V6T.209.loop.full 2 2 22 11 0 0 6 0 1 0 7 1 1 0 5 5 0 2 4 5 2 2 2 2 11 22 6.9 6.9 7.1 6.4 0100
4V6T.245.loop.full 2 1 3 1 0 1 2 0 0 0 0 0 0 0 0 0 2 0 1 1 2 1 1 1 2 3 6.9 1.1 6.6 1.1 0110
3J9W.13.loop.full 1 6 6 1 1 1 5 1 0 3 1 0 0 0 0 0 0 2 0 0 1 1 1 1 6 6 1.0 5.7 5.7 0.6 0110
3J9W.35.loop.full 5 4 18 7 3 3 6 3 0 0 4 0 0 0 3 1 2 1 5 3 5 4 4 5 7 18 6.0 6.3 6.9 5.9 0110
3J9W.202.loop.full 2 1 21 11 0 0 6 0 1 0 6 1 1 0 5 5 0 1 4 5 2 1 1 2 11 21 6.9 1.0 7.1 6.4 0100
4V5H.16.loop.full 3 7 5 2 1 3 3 1 0 1 0 0 0 2 1 0 2 1 1 1 3 2 2 3 5 7 6.6 5.9 6.0 6.9 0100
4V5H.180.loop.full 3 4 0 6 0 1 0 0 2 1 0 3 0 0 0 2 1 2 0 1 0 4 0 3 4 6 6.6 6.3 -2.2 5.7 0010
4V5H.193.loop.full 0 4 8 4 0 2 3 0 0 2 1 0 0 0 1 2 0 0 3 2 0 4 0 4 4 8 0 6.3 6.0 6.3 0110
4V5H.208.loop.full 3 3 2 3 1 2 1 1 1 0 0 1 1 1 0 1 0 0 1 0 2 3 2 3 3 3 6.6 6.6 6.9 6.6 1100
4V5H.228.loop.full 3 4 2 1 2 1 0 0 0 1 0 0 0 1 0 0 1 1 2 1 2 1 1 2 3 4 6.6 6.3 6.9 1.3 1000
4V5H.248.loop.full 4 3 3 1 0 1 2 0 1 0 0 0 1 0 0 0 2 2 1 1 3 1 1 3 3 4 6.3 6.6 6.6 1.1 0110
3J9M.33.loop.full 8 6 5 1 2 4 2 1 1 2 1 0 3 0 2 0 2 0 0 0 5 1 1 5 6 8 6.0 5.7 6.0 1.1 0100
3J9M.45.loop.full 2 1 21 11 0 0 8 0 1 0 5 1 1 1 4 6 0 0 4 4 2 1 1 2 11 21 6.9 1.0 7.1 6.4 0100
3Q1Q.12.loop.full 14 8 3 5 8 2 1 2 1 1 0 1 1 1 1 1 4 4 1 1 3 5 3 5 8 14 6.6 6.0 6.6 6.0 0010
2CSX.3.loop.full 2 1 5 0 1 0 1 0 1 0 1 0 0 0 1 0 0 1 2 0 2 0 0 1 2 5 6.9 1.0 6.0 -3.3 0100
2CSX.8.loop.full 2 1 7 2 1 0 1 1 1 0 1 1 0 0 1 0 0 1 4 0 2 1 1 2 2 7 6.9 1.0 5.9 6.9 0100
3AMT.2.loop.full 6 1 5 4 1 0 0 0 1 0 1 0 3 0 2 3 1 1 2 1 5 1 1 4 5 6 5.7 1.0 6.0 6.3 0100
1U0B.2.loop.full 2 1 4 0 1 1 1 0 1 0 1 0 0 0 1 0 0 0 1 0 2 0 0 1 2 4 6.9 1.5 6.3 -2.4 0100
2MS0.1.loop.full 4 0 4 2 0 0 0 0 2 0 1 1 0 0 1 0 2 0 2 1 4 0 0 2 4 4 6.3 -1.4 6.3 6.9 0110
4V8E.107.loop.full 2 1 21 11 0 0 6 0 2 0 6 2 0 0 5 4 0 1 4 5 2 1 1 2 11 21 6.9 1.0 7.1 6.4 0100
4V8E.179.loop.full 12 16 5 3 4 3 3 1 0 4 0 0 3 6 0 0 5 3 2 2 5 3 3 5 12 16 6.5 6.8 6.0 6.6 0001
4V8E.336.loop.full 5 0 2 0 3 0 0 0 1 0 0 0 0 0 1 0 1 0 1 0 2 0 0 0 2 5 6.0 -2.1 6.9 -2.4 0100
4V8E.351.loop.full 2 1 5 7 1 0 2 1 0 0 0 0 0 1 0 3 1 0 3 3 2 1 1 2 5 7 6.9 1.1 6.0 5.9 0100
4V8E.367.loop.full 3 3 2 3 1 2 1 1 1 0 0 1 1 1 0 1 0 0 1 0 2 3 2 3 3 3 6.6 6.6 6.9 6.6 1000
4V8E.415.loop.full 4 3 3 1 0 1 2 0 1 0 0 0 1 0 0 0 2 2 1 1 3 1 1 3 3 4 6.3 6.6 6.6 0.6 0010
4WRO.177.loop.full 1 1 5 6 1 0 2 1 0 0 0 0 0 1 0 3 0 0 3 2 1 1 1 1 5 6 0.6 1.1 6.0 5.7 0110
4WRO.193.loop.full 3 3 2 3 1 2 1 1 1 0 0 1 1 1 0 1 0 0 1 0 2 3 2 3 3 3 6.6 6.6 6.9 6.6 1000
4WRO.357.loop.full 2 1 21 11 0 0 6 0 2 0 6 2 0 0 5 4 0 1 4 5 2 1 1 2 11 21 6.9 1.0 7.1 6.4 0100
4WZO.195.loop.full 2 1 21 11 0 0 6 0 2 0 6 2 0 0 5 4 0 1 4 5 2 1 1 2 11 21 6.9 1.0 7.1 6.4 0100
4WZO.226.loop.full 2 1 3 1 0 1 2 0 0 0 0 0 0 0 0 0 2 0 1 1 2 1 1 1 2 3 6.9 1.1 6.6 0.6 0110
4WZO.400.loop.full 5 0 2 0 3 0 0 0 1 0 0 0 0 0 1 0 1 0 1 0 2 0 0 0 2 5 6.0 -2.1 6.9 -2.4 0100
4WZO.414.loop.full 1 1 5 6 1 0 2 1 0 0 0 0 0 1 0 3 0 0 3 2 1 1 1 1 5 6 0.6 1.1 6.0 5.7 0100
4WZO.428.loop.full 3 3 2 3 1 2 1 1 1 0 0 1 1 1 0 1 0 0 1 0 2 3 2 3 3 3 6.6 6.6 6.9 6.6 1000
4WZO.462.loop.full 2 1 3 1 0 1 2 0 0 0 0 0 0 0 0 0 2 0 1 1 2 1 1 1 2 3 6.9 1.1 6.6 0.6 0010
4W2F.11.loop.full 1 4 4 2 1 1 3 1 0 2 0 0 0 0 0 0 0 1 1 1 1 2 1 2 4 4 0.8 6.3 6.3 6.9 0110
4W2F.200.loop.full 2 1 21 11 0 0 6 0 2 0 6 2 0 0 5 4 0 1 4 5 2 1 1 2 11 21 6.9 1.0 7.1 6.4 0100
4W2F.441.loop.full 1 1 7 8 1 0 2 1 0 0 0 0 0 1 1 4 0 0 4 3 1 1 1 1 7 8 0.6 1.1 5.9 6.0 0100
4W2F.455.loop.full 3 3 2 3 1 2 1 1 1 0 0 1 1 1 0 1 0 0 1 0 2 3 2 3 3 3 6.6 6.6 6.9 6.6 1000
4WQU.106.loop.full 2 0 20 11 0 0 6 0 2 0 6 2 0 0 4 4 0 0 4 5 2 0 0 2 11 20 6.9 -3.4 7.0 6.4 0100
4WQU.366.loop.full 3 3 2 3 1 2 1 1 1 0 0 1 1 1 0 1 0 0 1 0 2 3 2 3 3 3 6.6 6.6 6.9 6.6 1000
4V9Q.96.loop.full 3 3 2 3 1 2 1 1 1 0 0 1 1 1 0 1 0 0 1 0 2 3 2 3 3 3 6.6 6.6 6.9 6.6 1000
4V9Q.123.loop.full 3 4 2 1 3 1 0 1 0 1 0 0 0 1 0 0 0 1 2 0 2 1 1 2 3 4 6.6 6.3 6.9 0.6 0010
4V9Q.143.loop.full 2 1 3 1 0 1 2 0 0 0 0 0 0 0 0 0 2 0 1 1 2 1 1 1 2 3 6.9 1.1 6.6 0.6 0010
4V9Q.361.loop.full 2 0 20 11 0 0 6 0 2 0 6 2 0 0 4 4 0 0 4 5 2 0 0 2 11 20 6.9 -3.4 7.0 6.4 0100
4V9Q.403.loop.full 2 1 3 1 0 1 2 0 0 0 0 0 0 0 0 0 2 0 1 1 2 1 1 1 2 3 6.9 1.1 6.6 0.6 0110
4WQF.109.loop.full 2 0 20 11 0 0 6 0 2 0 6 2 0 0 4 4 0 0 4 5 2 0 0 2 11 20 6.9 -3.4 7.0 6.4 0100
4WQF.185.loop.full 4 7 4 2 1 1 3 1 0 2 0 0 0 3 0 0 3 1 1 1 4 2 2 4 4 7 6.3 5.9 6.3 6.9 0110
4WQF.336.loop.full 5 0 3 1 3 0 0 0 1 0 0 0 0 0 2 0 1 0 1 1 3 0 0 1 3 5 6.0 -2.1 6.6 0.6 0100
4WQF.366.loop.full 3 3 2 3 1 2 1 1 1 0 0 1 1 1 0 1 0 0 1 0 2 3 2 3 3 3 6.6 6.6 6.9 6.6 1000
4V51.170.loop.full 3 3 2 3 1 2 1 1 1 0 0 1 1 1 0 1 0 0 1 0 2 3 2 3 3 3 6.6 6.6 6.9 6.6 1000
4V51.206.loop.full 2 1 3 1 0 1 2 0 0 0 0 0 0 0 0 0 2 0 1 1 2 1 1 1 2 3 6.9 1.1 6.6 0.6 0010
4V51.232.loop.full 1 4 3 1 1 1 3 1 0 2 0 0 0 0 0 0 0 1 0 0 1 1 1 1 3 4 0.8 6.3 6.6 0.6 0110
4V51.397.loop.full 2 1 21 11 0 0 6 0 2 0 6 2 0 0 5 4 0 1 4 5 2 1 1 2 11 21 6.9 1.0 7.1 6.4 0100
4V51.429.loop.full 2 1 3 1 0 1 2 0 0 0 0 0 0 0 0 0 2 0 1 1 2 1 1 1 2 3 6.9 1.1 6.6 0.6 0110
4V9D.282.loop.full 2 2 22 11 0 0 6 0 1 0 7 1 1 0 5 5 0 2 4 5 2 2 2 2 11 22 6.9 6.9 7.1 6.4 0100
4V9D.324.loop.full 2 1 3 1 0 1 2 0 0 0 0 0 0 0 0 0 2 0 1 1 2 1 1 1 2 3 6.9 1.1 6.6 1.1 0110
4V9D.411.loop.full 5 0 3 1 3 0 0 0 1 0 2 0 0 0 1 0 1 0 0 1 3 0 0 1 3 5 6.0 -2.1 6.6 0.6 0100
4V9D.438.loop.full 3 3 2 3 1 2 1 1 1 0 0 1 1 1 0 1 0 0 1 0 2 3 2 3 3 3 6.6 6.6 6.9 6.6 1000
4V9D.485.loop.full 2 1 3 1 0 1 2 0 0 0 0 0 0 0 0 0 2 0 1 1 2 1 1 1 2 3 6.9 1.1 6.6 1.1 0010
4WQY.104.loop.full 2 1 21 11 0 0 6 0 2 0 6 2 0 0 5 4 0 1 4 5 2 1 1 2 11 21 6.9 1.0 7.1 6.4 0100
4WQY.335.loop.full 5 0 3 1 3 0 0 0 1 0 0 0 0 0 2 0 1 0 1 1 3 0 0 1 3 5 6.0 -2.1 6.6 0.6 0100
4WQY.349.loop.full 1 0 4 6 1 0 2 1 0 0 0 0 0 0 0 3 0 0 2 2 1 0 0 1 4 6 0.6 -3.3 6.3 5.7 0100
4WQY.365.loop.full 3 3 2 3 1 2 1 1 1 0 0 1 1 1 0 1 0 0 1 0 2 3 2 3 3 3 6.6 6.6 6.9 6.6 1000
4V9N.167.loop.full 1 6 9 6 1 3 2 1 0 0 1 0 0 2 0 3 0 1 6 2 1 6 1 6 6 9 0.6 5.7 6.1 5.7 0110
4V9N.181.loop.full 3 3 2 3 1 2 1 1 1 0 0 1 1 1 0 1 0 0 1 0 2 3 2 3 3 3 6.6 6.6 6.9 6.6 1000
4V9N.215.loop.full 2 1 3 1 0 1 2 0 0 0 0 0 0 0 0 0 2 0 1 1 2 1 1 1 2 3 6.9 1.1 6.6 0.6 0010
4V9N.418.loop.full 2 1 21 11 0 0 6 0 2 0 6 2 0 0 5 4 0 1 4 5 2 1 1 2 11 21 6.9 1.0 7.1 6.4 0100
4V9N.448.loop.full 2 1 3 1 0 1 2 0 0 0 0 0 0 0 0 0 2 0 1 1 2 1 1 1 2 3 6.9 1.1 6.6 0.6 0110
4WWW.109.loop.full 2 1 21 11 0 0 6 0 1 0 6 1 1 0 5 5 0 1 4 5 2 1 1 2 11 21 6.9 1.0 7.1 6.4 0100
4WWW.151.loop.full 4 3 3 1 0 1 2 0 1 0 0 0 1 0 0 0 2 2 1 1 3 1 1 3 3 4 6.3 6.6 6.6 1.1 0110
4WWW.187.loop.full 3 7 4 1 1 3 3 1 0 1 0 0 0 2 1 0 2 1 0 0 3 1 1 3 4 7 6.6 5.9 6.3 1.1 0100
4WWW.421.loop.full 7 2 3 1 4 0 0 0 1 1 2 0 0 1 1 0 2 0 0 1 3 1 1 2 3 7 5.9 6.9 6.6 0.6 0100
4WWW.435.loop.full 2 13 15 4 0 3 4 0 0 5 2 0 1 1 2 2 1 4 7 2 2 4 2 4 13 15 6.9 6.6 6.7 6.3 0110
4WWW.449.loop.full 3 3 2 3 1 2 1 1 1 0 0 1 1 1 0 1 0 0 1 0 2 3 2 3 3 3 6.6 6.6 6.9 6.6 1000
4V5B.232.loop.full 2 4 8 6 0 2 3 0 1 2 1 1 0 0 1 2 1 0 3 3 2 4 2 4 6 8 6.9 6.3 6.0 5.7 0110
4V5B.244.loop.full 3 4 3 3 1 2 1 1 1 0 1 1 1 1 0 1 0 1 1 0 3 3 3 3 3 4 6.6 6.3 6.6 6.6 1100
4V6A.14.loop.full 6 6 3 4 3 1 3 3 0 2 0 0 0 2 0 0 3 1 0 1 3 4 3 4 6 6 5.7 5.7 6.6 6.3 0100
4V6A.175.loop.full 2 1 21 11 0 0 6 0 2 0 6 2 0 0 5 4 0 1 4 5 2 1 1 2 11 21 6.9 1.0 7.1 6.4 0100
4V6A.369.loop.full 6 1 3 1 4 0 0 0 1 1 0 0 0 0 2 0 1 0 1 1 3 1 1 1 3 6 5.7 0.6 6.6 0.6 0100
4Z8C.110.loop.full 2 1 21 11 0 0 6 0 2 0 6 2 0 0 5 4 0 1 4 5 2 1 1 2 11 21 6.9 1.0 7.1 6.4 0100
4Z8C.344.loop.full 1 1 5 6 1 0 2 1 0 0 0 0 0 1 0 3 0 0 3 2 1 1 1 1 5 6 0.6 1.1 6.0 5.7 0100
4Z8C.360.loop.full 3 3 2 3 1 2 1 1 1 0 0 1 1 1 0 1 0 0 1 0 2 3 2 3 3 3 6.6 6.6 6.9 6.6 1000
4Z8C.402.loop.full 4 3 3 1 0 1 2 0 1 0 0 0 1 0 0 0 2 2 1 1 3 1 1 3 3 4 6.3 6.6 6.6 0.6 0010
4V8I.194.loop.full 2 0 20 11 0 0 6 0 2 0 6 2 0 0 4 4 0 0 4 5 2 0 0 2 11 20 6.9 -3.4 7.0 6.4 0100
4V8I.319.loop.full 6 23 13 25 2 8 2 8 4 4 3 6 0 7 3 6 0 4 5 5 6 23 6 13 23 25 5.7 7.2 6.6 7.3 0100
4V8I.433.loop.full 1 1 7 8 1 0 2 1 0 0 0 0 0 1 1 4 0 0 4 3 1 1 1 1 7 8 0.6 1.1 5.9 6.0 0100
4V8I.449.loop.full 3 3 2 3 1 2 1 1 1 0 0 1 1 1 0 1 0 0 1 0 2 3 2 3 3 3 6.6 6.6 6.9 6.6 1000
4V9J.205.loop.full 1 2 22 10 0 0 6 0 1 0 7 1 0 0 5 4 0 2 4 5 1 2 1 2 10 22 1.4 6.9 7.1 6.3 0100
4V9J.444.loop.full 1 0 4 6 1 0 2 1 0 0 0 0 0 0 0 3 0 0 2 2 1 0 0 1 4 6 0.6 -3.3 6.3 5.7 0110
4V9J.455.loop.full 15 0 13 6 4 0 4 2 4 0 1 1 3 0 3 2 4 0 5 1 13 0 0 6 13 15 6.7 -2.5 6.6 5.7 1000
4V9J.460.loop.full 3 3 2 3 1 2 1 1 1 0 0 1 1 1 0 1 0 0 1 0 2 3 2 3 3 3 6.6 6.6 6.9 6.6 1100
4V9J.464.loop.full 1 0 20 10 0 0 6 0 1 0 6 1 0 0 4 4 0 0 4 5 1 0 0 1 10 20 1.4 -3.4 7.0 6.3 0100
4V95.11.loop.full 1 4 4 2 1 1 3 1 0 2 0 0 0 0 0 0 0 1 1 1 1 2 1 2 4 4 0.8 6.3 6.3 6.9 0110
4V95.194.loop.full 2 1 21 11 0 0 6 0 2 0 6 2 0 0 5 4 0 1 4 5 2 1 1 2 11 21 6.9 1.0 7.1 6.4 0100
4V95.405.loop.full 5 0 3 1 3 0 0 0 1 0 0 0 0 0 2 0 1 0 1 1 3 0 0 1 3 5 6.0 -2.1 6.6 0.6 0100
4V95.437.loop.full 3 3 2 3 1 2 1 1 1 0 0 1 1 1 0 1 0 0 1 0 2 3 2 3 3 3 6.6 6.6 6.9 6.6 1000
4V8N.175.loop.full 2 0 20 11 0 0 6 0 2 0 6 2 0 0 4 4 0 0 4 5 2 0 0 2 11 20 6.9 -3.4 7.0 6.4 0100
4V8N.366.loop.full 5 0 3 1 3 0 0 0 1 0 0 0 0 0 2 0 1 0 1 1 3 0 0 1 3 5 6.0 -2.1 6.6 0.6 0100
4V8N.395.loop.full 3 3 2 3 1 2 1 1 1 0 0 1 1 1 0 1 0 0 1 0 2 3 2 3 3 3 6.6 6.6 6.9 6.6 1000
4V8A.97.loop.full 3 3 2 3 1 2 1 1 1 0 0 1 1 1 0 1 0 0 1 0 2 3 2 3 3 3 6.6 6.6 6.9 6.6 1000
4V8A.261.loop.full 2 0 20 11 0 0 6 0 2 0 6 2 0 0 4 4 0 0 4 5 2 0 0 2 11 20 6.9 -3.4 7.0 6.4 0100
4W29.412.loop.full 3 4 0 6 0 1 0 0 2 2 0 3 0 0 0 2 1 1 0 1 0 4 0 3 4 6 6.6 6.3 -3.3 5.7 0010
4W29.435.loop.full 3 3 2 3 1 2 1 1 1 0 0 1 1 1 0 1 0 0 1 0 2 3 2 3 3 3 6.6 6.6 6.9 6.6 1100
4W29.440.loop.full 1 2 22 10 0 0 6 0 1 0 7 1 0 0 5 4 0 2 4 5 1 2 1 2 10 22 1.4 6.9 7.1 6.3 0100
5AJ0.128.loop.full 2 6 5 0 0 1 3 0 0 3 0 0 0 0 0 0 2 2 2 0 2 0 0 2 5 6 6.9 5.7 6.0 -2.5 0110
5AJ0.144.loop.full 3 3 3 4 1 3 1 1 1 0 1 1 1 0 0 1 0 0 1 1 3 3 3 3 3 4 6.6 6.6 6.6 6.3 1100
5AJ0.191.loop.full 2 0 1 2 1 0 0 1 1 0 1 1 0 0 0 0 0 0 0 0 1 0 0 1 2 2 6.9 0 0.6 6.9 0110
4V7E.135.loop.full 2 17 1 4 1 5 0 1 0 1 0 1 0 4 0 0 1 7 1 2 1 4 1 2 4 17 6.9 6.8 1.1 6.3 0010
4V7E.180.loop.full 3 4 0 6 0 2 0 1 2 1 0 2 0 0 0 2 1 1 0 1 0 4 0 3 4 6 6.6 6.3 -3.4 5.7 0010
4V3P.171.loop.full 5 0 2 0 4 0 2 0 1 0 0 0 0 0 0 0 0 0 0 0 2 0 0 0 2 5 6.0 -0.9 6.9 -2.1 1000
4V6L.16.loop.full 3 7 4 1 1 3 3 1 0 1 0 0 0 2 1 0 2 1 0 0 3 1 1 3 4 7 6.6 5.9 6.3 1.1 0110
4V6L.33.loop.full 7 4 18 23 3 3 5 7 1 0 5 3 1 0 4 5 2 1 4 8 7 4 4 7 18 23 5.9 6.3 6.9 7.2 0001
4V6L.172.loop.full 3 4 0 6 0 1 0 0 2 1 0 3 0 0 0 2 1 2 0 1 0 4 0 3 4 6 6.6 6.3 -2.2 5.7 0010
4V6L.185.loop.full 1 1 3 4 0 0 1 0 0 1 0 0 0 0 1 2 1 0 1 2 1 1 1 1 3 4 0.7 1.1 6.6 6.3 0110
4V6L.202.loop.full 3 3 2 3 1 2 1 1 1 0 0 1 1 1 0 1 0 0 1 0 2 3 2 3 3 3 6.6 6.6 6.9 6.6 1100
4V6L.251.loop.full 4 3 3 1 0 1 2 0 1 0 0 0 1 0 0 0 2 2 1 1 3 1 1 3 3 4 6.3 6.6 6.6 1.1 0110
4V4N.185.loop.full 3 3 3 4 1 2 1 1 1 0 0 1 1 1 1 1 0 0 1 1 3 3 3 3 3 4 6.6 6.6 6.6 6.3 1000
4V4N.225.loop.full 2 0 2 1 2 0 1 1 0 0 0 0 0 0 0 0 0 0 1 0 2 0 0 1 2 2 6.9 -3.3 6.9 1.1 0110
4W2E.182.loop.full 2 4 3 2 1 1 3 1 0 2 0 0 0 0 0 0 1 1 0 1 2 2 2 2 3 4 6.9 6.3 6.6 6.9 0100
4W2E.204.loop.full 5 4 18 7 3 3 5 3 0 0 3 0 0 0 6 1 2 1 4 3 5 4 4 5 7 18 6.0 6.3 6.9 5.9 0100
3J9Y.15.loop.full 3 7 4 1 1 3 3 1 0 1 0 0 0 2 1 0 2 1 0 0 3 1 1 3 4 7 6.6 5.9 6.3 1.1 0110
3J9Y.35.loop.full 5 4 19 8 3 3 5 4 0 0 5 0 1 0 4 2 1 1 5 2 5 4 4 5 8 19 6.0 6.3 7.0 6.0 0110
4V7I.11.loop.full 6 18 15 13 0 7 9 2 1 3 0 3 3 4 1 5 2 4 5 3 6 13 6 13 15 18 5.7 6.9 6.7 6.6 1000
4V7I.87.loop.full 3 4 0 6 0 1 0 0 2 1 0 3 0 0 0 2 1 2 0 1 0 4 0 3 4 6 6.6 6.3 -2.2 5.7 0011
4V7I.116.loop.full 3 3 2 3 1 2 1 1 1 0 0 1 1 1 0 1 0 0 1 0 2 3 2 3 3 3 6.6 6.6 6.9 6.6 0011
4V7I.121.loop.full 7 3 20 11 0 0 6 1 1 0 6 2 4 1 4 5 2 2 4 3 7 3 3 7 11 20 5.9 6.6 7.0 6.4 0011
4V7I.167.loop.full 5 4 3 1 0 1 2 0 1 1 0 0 1 0 0 0 3 2 1 1 3 1 1 3 4 5 6.0 6.3 6.6 1.1 0110
4V7I.217.loop.full 5 4 18 7 3 3 5 3 0 0 5 0 1 0 4 2 1 1 4 2 5 4 4 5 7 18 6.0 6.3 6.9 5.9 0100
4V5O.33.loop.full 5 4 22 12 5 3 8 7 0 0 5 1 0 0 5 2 0 1 4 2 5 4 4 5 12 22 6.0 6.3 7.1 6.5 0001
4V5O.131.loop.full 5 4 22 12 5 3 8 7 0 0 5 1 0 0 5 2 0 1 4 2 5 4 4 5 12 22 6.0 6.3 7.1 6.5 0001
3J3V.77.loop.full 10 10 22 11 0 3 6 0 2 1 7 2 4 2 5 5 4 4 4 4 10 10 10 10 11 22 6.3 6.3 7.1 6.4 0100
1FFK.74.loop.full 7 0 3 0 3 0 0 0 1 0 2 0 1 0 0 0 2 0 1 0 3 0 0 0 3 7 5.9 -2.2 6.6 -2.4 0100
1FFK.78.loop.full 3 4 0 6 0 1 0 0 2 2 0 3 0 0 0 2 1 1 0 1 0 4 0 3 4 6 6.6 6.3 -3.4 5.7 0010
1FFK.102.loop.full 3 3 3 4 1 2 2 1 1 1 0 1 1 0 0 1 0 0 1 1 3 3 3 3 3 4 6.6 6.6 6.6 6.3 1100
1FFK.106.loop.full 2 0 20 11 0 0 5 0 1 0 7 2 1 0 3 4 0 0 5 5 2 0 0 2 11 20 6.9 -3.4 7.0 6.4 0100
5A2Q.37.loop.full 7 6 18 8 5 4 6 5 0 0 2 1 1 1 6 1 1 1 4 1 7 6 6 7 8 18 5.9 5.7 6.9 6.0 0010
3J2C.48.loop.full 5 4 18 7 3 3 5 3 0 0 5 0 1 0 4 2 1 1 4 2 5 4 4 5 7 18 6.0 6.3 6.9 5.9 0100
4CE4.28.loop.full 8 7 6 1 2 4 2 1 2 2 2 0 3 1 1 0 1 0 1 0 6 1 1 6 7 8 6.0 5.9 5.7 1.1 0100
3J46.6.loop.full 2 1 5 0 1 1 0 0 1 0 2 0 0 0 1 0 0 0 2 0 2 0 0 1 2 5 6.9 1.0 6.0 -2.1 0100
3KFU.2.loop.full 2 1 5 0 1 1 1 0 1 0 1 0 0 0 1 0 0 0 2 0 2 0 0 1 2 5 6.9 1.0 6.0 -3.4 0100
3KFU.6.loop.full 2 1 5 0 1 1 1 0 1 0 1 0 0 0 1 0 0 0 2 0 2 0 0 1 2 5 6.9 1.0 6.0 -3.4 0100
4C4Q.5.loop.full 1 2 4 1 0 1 3 0 1 1 0 1 0 0 0 0 0 0 1 0 1 1 1 1 2 4 0.9 6.9 6.3 1.4 0010
1U9S.1.loop.full 0 1 2 0 0 0 1 0 0 0 0 0 0 0 1 0 0 1 0 0 0 0 0 0 1 2 0 1.1 6.9 -3.3 1100
1U9S.5.loop.full 12 7 1 4 7 3 0 2 0 1 0 0 1 1 0 1 4 2 1 1 1 4 1 4 7 12 6.5 5.9 0.6 6.3 0001
3A2K.3.loop.full 2 1 5 0 1 1 0 0 1 0 0 0 0 0 3 0 0 0 2 0 2 0 0 1 2 5 6.9 1.0 6.0 -2.2 0110
3A2K.8.loop.full 2 1 5 0 1 1 0 0 1 0 0 0 0 0 3 0 0 0 2 0 2 0 0 1 2 5 6.9 1.0 6.0 -2.2 0100
2ZNI.7.loop.full 1 1 3 0 0 1 1 0 0 0 0 0 0 0 1 0 1 0 1 0 1 0 0 1 1 3 1.3 0.6 6.6 -2.5 0100
2ZZN.2.loop.full 2 1 5 0 1 1 1 0 1 0 2 0 0 0 2 0 0 0 0 0 2 0 0 1 2 5 6.9 1.0 6.0 -2.2 0100
2ZZN.6.loop.full 2 1 5 0 1 1 1 0 1 0 2 0 0 0 2 0 0 0 0 0 2 0 0 1 2 5 6.9 1.0 6.0 -2.2 0100
4KQY.2.loop.full 4 0 8 3 3 0 4 2 0 0 1 0 0 0 2 0 1 0 1 1 4 0 0 3 4 8 6.3 -2.4 6.0 6.6 0100
4AOB.2.loop.full 7 2 8 3 4 0 2 2 0 0 3 0 0 2 2 0 3 0 1 1 7 2 2 3 7 8 5.9 6.9 6.0 6.6 0100
4RUM.2.loop.full 4 5 4 4 2 0 1 2 0 1 0 0 1 1 1 1 1 3 2 1 4 4 4 4 4 5 6.3 6.0 6.3 6.3 0110
2IHX.1.loop.full 3 4 0 3 1 2 0 1 1 1 0 1 1 0 0 1 0 1 0 0 0 3 0 3 3 4 6.6 6.3 -3.3 6.6 0010
4RDX.2.loop.full 2 1 5 0 1 1 0 0 1 0 1 0 0 0 1 0 0 0 3 0 2 0 0 1 2 5 6.9 1.0 6.0 -1.4 0100
